0,200000,0,75
1,200000,15,75
2,200000,0,75
3,200000,0,75
4,200000,16,75
5,200000,15,75
6,200000,0,75
7,200000,15,75
8,200000,0,75
9,200000,0,75
10,200000,16,75
11,200000,15,75
12,200000,0,75
13,200000,15,75
14,200000,16,75
15,200000,0,75
16,200000,16,75
17,200000,15,75
18,200000,0,75
19,200000,0,75
20,200000,16,75
21,200000,0,75
22,200000,0,75
23,200000,15,75
24,200000,0,75
25,200000,0,75
26,200000,16,75
27,200000,0,75
28,200000,16,75
29,200000,15,75
30,200000,0,75
31,200000,15,75
32,200000,16,75
33,200000,0,75
34,200000,0,75
35,200000,15,75
36,200000,0,75
37,200000,0,75
38,200000,0,75
39,200000,16,75
40,200000,0,75
41,200000,0,75
42,200000,16,75
43,200000,0,75
44,200000,0,75
45,200000,16,75
46,200000,0,75
47,200000,0,75
48,200000,16,75
49,200000,0,75
50,200000,0,75
51,200000,16,75
52,200000,0,75
53,200000,0,75
54,200000,16,75
55,200000,0,75
56,200000,0,75
57,200000,16,75
58,200000,0,75
59,200000,0,75
60,200000,16,75
61,200000,15,75
62,200000,0,75
63,200000,0,75
64,200000,16,75
65,200000,0,75
66,200000,0,75
67,200000,15,75
68,200000,0,75
69,200000,0,75
70,200000,16,75
71,200000,15,75
72,200000,0,75
73,200000,15,75
74,200000,16,75
75,200000,0,75
76,200000,16,75
77,200000,0,75
78,200000,0,75
79,200000,15,75
80,200000,0,75
81,200000,0,75
82,200000,16,75
83,200000,0,75
84,200000,0,75
85,200000,15,75
86,200000,0,75
87,200000,0,75
88,200000,16,75
89,200000,0,75
90,200000,0,75
91,200000,15,75
92,200000,0,75
93,200000,0,75
94,200000,16,75
95,200000,0,75
96,200000,0,75
97,200000,15,75
98,200000,0,75
99,200000,0,75
0,500000,16,75
1,500000,16,75
2,500000,16,75
3,500000,16,75
4,500000,15,75
5,500000,16,75
6,500000,16,75
7,500000,16,75
8,500000,16,75
9,500000,31,75
10,500000,16,75
11,500000,16,75
12,500000,16,75
13,500000,0,75
14,500000,16,75
15,500000,16,75
16,500000,16,75
17,500000,16,75
18,500000,0,75
19,500000,16,75
20,500000,16,75
21,500000,16,75
22,500000,15,75
23,500000,15,75
24,500000,16,75
25,500000,16,75
26,500000,16,75
27,500000,15,75
28,500000,15,75
29,500000,16,75
30,500000,16,75
31,500000,15,75
32,500000,15,75
33,500000,15,75
34,500000,16,75
35,500000,16,75
36,500000,15,75
37,500000,15,75
38,500000,15,75
39,500000,16,75
40,500000,16,75
41,500000,15,75
42,500000,15,75
43,500000,15,75
44,500000,16,75
45,500000,16,75
46,500000,15,75
47,500000,15,75
48,500000,15,75
49,500000,16,75
50,500000,16,75
51,500000,15,75
52,500000,16,75
53,500000,16,75
54,500000,16,75
55,500000,16,75
56,500000,16,75
57,500000,16,75
58,500000,16,75
59,500000,16,75
60,500000,16,75
61,500000,16,75
62,500000,16,75
63,500000,16,75
64,500000,16,75
65,500000,16,75
66,500000,16,75
67,500000,16,75
68,500000,16,75
69,500000,16,75
70,500000,15,75
71,500000,16,75
72,500000,16,75
73,500000,16,75
74,500000,16,75
75,500000,16,75
76,500000,16,75
77,500000,16,75
78,500000,16,75
79,500000,16,75
80,500000,0,75
81,500000,16,75
82,500000,16,75
83,500000,16,75
84,500000,15,75
85,500000,15,75
86,500000,16,75
87,500000,16,75
88,500000,15,75
89,500000,15,75
90,500000,15,75
91,500000,16,75
92,500000,16,75
93,500000,15,75
94,500000,15,75
95,500000,15,75
96,500000,16,75
97,500000,16,75
98,500000,15,75
99,500000,15,75
0,800000,15,75
1,800000,16,75
2,800000,16,75
3,800000,16,75
4,800000,32,75
5,800000,32,75
6,800000,31,75
7,800000,16,75
8,800000,16,75
9,800000,15,75
10,800000,31,75
11,800000,31,75
12,800000,31,75
13,800000,15,75
14,800000,15,75
15,800000,16,75
16,800000,31,75
17,800000,31,75
18,800000,32,75
19,800000,32,75
20,800000,16,75
21,800000,16,75
22,800000,16,75
23,800000,31,75
24,800000,31,75
25,800000,31,75
26,800000,15,75
27,800000,15,75
28,800000,15,75
29,800000,16,75
30,800000,31,75
31,800000,31,75
32,800000,32,75
33,800000,32,75
34,800000,16,75
35,800000,16,75
36,800000,16,75
37,800000,31,75
38,800000,31,75
39,800000,31,75
40,800000,15,75
41,800000,15,75
42,800000,31,75
43,800000,31,75
44,800000,31,75
45,800000,31,75
46,800000,16,75
47,800000,16,75
48,800000,16,75
49,800000,32,75
50,800000,32,75
51,800000,31,75
52,800000,16,75
53,800000,16,75
54,800000,15,75
55,800000,15,75
56,800000,15,75
57,800000,16,75
58,800000,16,75
59,800000,16,75
60,800000,32,75
61,800000,32,75
62,800000,31,75
63,800000,31,75
64,800000,31,75
65,800000,15,75
66,800000,15,75
67,800000,15,75
68,800000,31,75
69,800000,31,75
70,800000,31,75
71,800000,32,75
72,800000,32,75
73,800000,16,75
74,800000,32,75
75,800000,32,75
76,800000,31,75
77,800000,31,75
78,800000,16,75
79,800000,31,75
80,800000,15,75
81,800000,15,75
82,800000,16,75
83,800000,31,75
84,800000,31,75
85,800000,32,75
86,800000,32,75
87,800000,31,75
88,800000,16,75
89,800000,16,75
90,800000,15,75
91,800000,31,75
92,800000,31,75
93,800000,31,75
94,800000,31,75
95,800000,31,75
96,800000,32,75
97,800000,32,75
98,800000,31,75
99,800000,16,75
0,1000000,16,75
1,1000000,31,75
2,1000000,31,75
3,1000000,32,75
4,1000000,31,75
5,1000000,32,75
6,1000000,31,75
7,1000000,31,75
8,1000000,31,75
9,1000000,31,75
10,1000000,31,75
11,1000000,31,75
12,1000000,31,75
13,1000000,31,75
14,1000000,32,75
15,1000000,31,75
16,1000000,31,75
17,1000000,32,75
18,1000000,15,75
19,1000000,32,75
20,1000000,31,75
21,1000000,31,75
22,1000000,32,75
23,1000000,31,75
24,1000000,31,75
25,1000000,31,75
26,1000000,31,75
27,1000000,31,75
28,1000000,32,75
29,1000000,31,75
30,1000000,31,75
31,1000000,32,75
32,1000000,31,75
33,1000000,31,75
34,1000000,16,75
35,1000000,31,75
36,1000000,31,75
37,1000000,32,75
38,1000000,15,75
39,1000000,31,75
40,1000000,32,75
41,1000000,31,75
42,1000000,31,75
43,1000000,31,75
44,1000000,31,75
45,1000000,31,75
46,1000000,32,75
47,1000000,31,75
48,1000000,31,75
49,1000000,32,75
50,1000000,31,75
51,1000000,16,75
52,1000000,31,75
53,1000000,31,75
54,1000000,31,75
55,1000000,32,75
56,1000000,31,75
57,1000000,31,75
58,1000000,32,75
59,1000000,31,75
60,1000000,32,75
61,1000000,31,75
62,1000000,31,75
63,1000000,32,75
64,1000000,31,75
65,1000000,31,75
66,1000000,31,75
67,1000000,31,75
68,1000000,31,75
69,1000000,32,75
70,1000000,31,75
71,1000000,15,75
72,1000000,32,75
73,1000000,31,75
74,1000000,31,75
75,1000000,31,75
76,1000000,31,75
77,1000000,31,75
78,1000000,31,75
79,1000000,31,75
80,1000000,31,75
81,1000000,32,75
82,1000000,15,75
83,1000000,32,75
84,1000000,31,75
85,1000000,31,75
86,1000000,16,75
87,1000000,31,75
88,1000000,31,75
89,1000000,31,75
90,1000000,32,75
91,1000000,31,75
92,1000000,32,75
93,1000000,31,75
94,1000000,31,75
95,1000000,32,75
96,1000000,31,75
97,1000000,31,75
98,1000000,31,75
99,1000000,31,75
0,2000000,62,75
1,2000000,63,75
2,2000000,63,75
3,2000000,62,75
4,2000000,63,75
5,2000000,62,75
6,2000000,62,75
7,2000000,63,75
8,2000000,63,75
9,2000000,62,75
10,2000000,62,75
11,2000000,63,75
12,2000000,62,75
13,2000000,62,75
14,2000000,62,75
15,2000000,63,75
16,2000000,63,75
17,2000000,62,75
18,2000000,63,75
19,2000000,62,75
20,2000000,62,75
21,2000000,62,75
22,2000000,62,75
23,2000000,62,75
24,2000000,63,75
25,2000000,78,75
26,2000000,78,75
27,2000000,63,75
28,2000000,62,75
29,2000000,63,75
30,2000000,63,75
31,2000000,62,75
32,2000000,62,75
33,2000000,47,75
34,2000000,63,75
35,2000000,62,75
36,2000000,63,75
37,2000000,47,75
38,2000000,62,75
39,2000000,62,75
40,2000000,63,75
41,2000000,63,75
42,2000000,62,75
43,2000000,63,75
44,2000000,62,75
45,2000000,47,75
46,2000000,63,75
47,2000000,47,75
48,2000000,62,75
49,2000000,62,75
50,2000000,63,75
51,2000000,46,75
52,2000000,63,75
53,2000000,63,75
54,2000000,62,75
55,2000000,62,75
56,2000000,63,75
57,2000000,63,75
58,2000000,62,75
59,2000000,63,75
60,2000000,62,75
61,2000000,62,75
62,2000000,63,75
63,2000000,47,75
64,2000000,62,75
65,2000000,47,75
66,2000000,63,75
67,2000000,62,75
68,2000000,63,75
69,2000000,62,75
70,2000000,62,75
71,2000000,63,75
72,2000000,63,75
73,2000000,62,75
74,2000000,62,75
75,2000000,47,75
76,2000000,62,75
77,2000000,63,75
78,2000000,63,75
79,2000000,47,75
80,2000000,62,75
81,2000000,62,75
82,2000000,63,75
83,2000000,62,75
84,2000000,63,75
85,2000000,63,75
86,2000000,63,75
87,2000000,62,75
88,2000000,47,75
89,2000000,63,75
90,2000000,62,75
91,2000000,63,75
92,2000000,62,75
93,2000000,62,75
94,2000000,63,75
95,2000000,63,75
96,2000000,62,75
97,2000000,62,75
98,2000000,63,75
99,2000000,62,75
0,4000000,125,75
1,4000000,125,75
2,4000000,125,75
3,4000000,125,75
4,4000000,125,75
5,4000000,125,75
6,4000000,125,75
7,4000000,125,75
8,4000000,125,75
9,4000000,125,75
10,4000000,125,75
11,4000000,109,75
12,4000000,125,75
13,4000000,125,75
14,4000000,125,75
15,4000000,125,75
16,4000000,109,75
17,4000000,125,75
18,4000000,125,75
19,4000000,110,75
20,4000000,125,75
21,4000000,125,75
22,4000000,125,75
23,4000000,125,75
24,4000000,125,75
25,4000000,125,75
26,4000000,125,75
27,4000000,125,75
28,4000000,125,75
29,4000000,109,75
30,4000000,125,75
31,4000000,125,75
32,4000000,125,75
33,4000000,125,75
34,4000000,125,75
35,4000000,125,75
36,4000000,125,75
37,4000000,125,75
38,4000000,125,75
39,4000000,125,75
40,4000000,125,75
41,4000000,125,75
42,4000000,125,75
43,4000000,109,75
44,4000000,125,75
45,4000000,125,75
46,4000000,125,75
47,4000000,125,75
48,4000000,125,75
49,4000000,125,75
50,4000000,125,75
51,4000000,125,75
52,4000000,125,75
53,4000000,125,75
54,4000000,141,75
55,4000000,125,75
56,4000000,125,75
57,4000000,125,75
58,4000000,125,75
59,4000000,125,75
60,4000000,125,75
61,4000000,125,75
62,4000000,125,75
63,4000000,125,75
64,4000000,125,75
65,4000000,125,75
66,4000000,125,75
67,4000000,125,75
68,4000000,125,75
69,4000000,110,75
70,4000000,125,75
71,4000000,125,75
72,4000000,109,75
73,4000000,125,75
74,4000000,125,75
75,4000000,110,75
76,4000000,125,75
77,4000000,125,75
78,4000000,125,75
79,4000000,125,75
80,4000000,125,75
81,4000000,125,75
82,4000000,125,75
83,4000000,125,75
84,4000000,109,75
85,4000000,125,75
86,4000000,125,75
87,4000000,125,75
88,4000000,125,75
89,4000000,125,75
90,4000000,125,75
91,4000000,125,75
92,4000000,125,75
93,4000000,109,75
94,4000000,125,75
95,4000000,125,75
96,4000000,125,75
97,4000000,141,75
98,4000000,125,75
99,4000000,125,75
0,5000000,156,75
1,5000000,156,75
2,5000000,156,75
3,5000000,156,75
4,5000000,156,75
5,5000000,156,75
6,5000000,156,75
7,5000000,156,75
8,5000000,157,75
9,5000000,157,75
10,5000000,157,75
11,5000000,157,75
12,5000000,156,75
13,5000000,156,75
14,5000000,156,75
15,5000000,140,75
16,5000000,156,75
17,5000000,156,75
18,5000000,156,75
19,5000000,156,75
20,5000000,156,75
21,5000000,156,75
22,5000000,141,75
23,5000000,156,75
24,5000000,156,75
25,5000000,156,75
26,5000000,156,75
27,5000000,156,75
28,5000000,156,75
29,5000000,156,75
30,5000000,156,75
31,5000000,156,75
32,5000000,156,75
33,5000000,140,75
34,5000000,156,75
35,5000000,156,75
36,5000000,156,75
37,5000000,156,75
38,5000000,156,75
39,5000000,156,75
40,5000000,156,75
41,5000000,156,75
42,5000000,156,75
43,5000000,156,75
44,5000000,141,75
45,5000000,156,75
46,5000000,156,75
47,5000000,156,75
48,5000000,157,75
49,5000000,157,75
50,5000000,157,75
51,5000000,156,75
52,5000000,157,75
53,5000000,157,75
54,5000000,156,75
55,5000000,156,75
56,5000000,141,75
57,5000000,157,75
58,5000000,157,75
59,5000000,157,75
60,5000000,156,75
61,5000000,156,75
62,5000000,156,75
63,5000000,156,75
64,5000000,156,75
65,5000000,156,75
66,5000000,156,75
67,5000000,156,75
68,5000000,156,75
69,5000000,157,75
70,5000000,157,75
71,5000000,157,75
72,5000000,156,75
73,5000000,172,75
74,5000000,157,75
75,5000000,157,75
76,5000000,157,75
77,5000000,157,75
78,5000000,141,75
79,5000000,156,75
80,5000000,156,75
81,5000000,156,75
82,5000000,156,75
83,5000000,156,75
84,5000000,156,75
85,5000000,156,75
86,5000000,156,75
87,5000000,156,75
88,5000000,156,75
89,5000000,156,75
90,5000000,156,75
91,5000000,156,75
92,5000000,156,75
93,5000000,140,75
94,5000000,156,75
95,5000000,156,75
96,5000000,156,75
97,5000000,156,75
98,5000000,156,75
99,5000000,156,75
