0,200000,0,997
1,200000,0,997
2,200000,0,997
3,200000,0,997
4,200000,0,997
5,200000,0,997
6,200000,0,997
7,200000,0,997
8,200000,0,997
9,200000,15,997
10,200000,0,997
11,200000,0,997
12,200000,0,997
13,200000,0,997
14,200000,16,997
15,200000,0,997
16,200000,0,997
17,200000,16,997
18,200000,0,997
19,200000,0,997
20,200000,16,997
21,200000,0,997
22,200000,0,997
23,200000,0,997
24,200000,0,997
25,200000,16,997
26,200000,0,997
27,200000,0,997
28,200000,0,997
29,200000,0,997
30,200000,15,997
31,200000,0,997
32,200000,0,997
33,200000,16,997
34,200000,0,997
35,200000,0,997
36,200000,0,997
37,200000,0,997
38,200000,15,997
39,200000,0,997
40,200000,0,997
41,200000,0,997
42,200000,0,997
43,200000,16,997
44,200000,0,997
45,200000,0,997
46,200000,16,997
47,200000,0,997
48,200000,16,997
49,200000,0,997
50,200000,0,997
51,200000,15,997
52,200000,0,997
53,200000,0,997
54,200000,16,997
55,200000,0,997
56,200000,16,997
57,200000,0,997
58,200000,0,997
59,200000,15,997
60,200000,0,997
61,200000,0,997
62,200000,0,997
63,200000,0,997
64,200000,16,997
65,200000,0,997
66,200000,0,997
67,200000,15,997
68,200000,0,997
69,200000,0,997
70,200000,0,997
71,200000,0,997
72,200000,16,997
73,200000,0,997
74,200000,0,997
75,200000,16,997
76,200000,0,997
77,200000,0,997
78,200000,0,997
79,200000,0,997
80,200000,15,997
81,200000,0,997
82,200000,0,997
83,200000,16,997
84,200000,0,997
85,200000,0,997
86,200000,0,997
87,200000,0,997
88,200000,0,997
89,200000,0,997
90,200000,0,997
91,200000,0,997
92,200000,16,997
93,200000,0,997
94,200000,16,997
95,200000,0,997
96,200000,0,997
97,200000,15,997
98,200000,0,997
99,200000,0,997
0,500000,15,997
1,500000,16,997
2,500000,16,997
3,500000,15,997
4,500000,0,997
5,500000,16,997
6,500000,16,997
7,500000,15,997
8,500000,16,997
9,500000,0,997
10,500000,15,997
11,500000,0,997
12,500000,16,997
13,500000,0,997
14,500000,15,997
15,500000,16,997
16,500000,0,997
17,500000,15,997
18,500000,0,997
19,500000,0,997
20,500000,16,997
21,500000,0,997
22,500000,16,997
23,500000,0,997
24,500000,15,997
25,500000,0,997
26,500000,0,997
27,500000,16,997
28,500000,0,997
29,500000,16,997
30,500000,16,997
31,500000,0,997
32,500000,0,997
33,500000,16,997
34,500000,0,997
35,500000,15,997
36,500000,16,997
37,500000,0,997
38,500000,15,997
39,500000,0,997
40,500000,16,997
41,500000,16,997
42,500000,0,997
43,500000,16,997
44,500000,16,997
45,500000,0,997
46,500000,15,997
47,500000,0,997
48,500000,16,997
49,500000,0,997
50,500000,0,997
51,500000,16,997
52,500000,0,997
53,500000,15,997
54,500000,15,997
55,500000,0,997
56,500000,16,997
57,500000,0,997
58,500000,0,997
59,500000,16,997
60,500000,0,997
61,500000,15,997
62,500000,16,997
63,500000,16,997
64,500000,15,997
65,500000,0,997
66,500000,16,997
67,500000,0,997
68,500000,0,997
69,500000,16,997
70,500000,0,997
71,500000,15,997
72,500000,0,997
73,500000,0,997
74,500000,15,997
75,500000,15,997
76,500000,16,997
77,500000,16,997
78,500000,0,997
79,500000,16,997
80,500000,0,997
81,500000,0,997
82,500000,15,997
83,500000,0,997
84,500000,16,997
85,500000,0,997
86,500000,16,997
87,500000,0,997
88,500000,0,997
89,500000,15,997
90,500000,0,997
91,500000,16,997
92,500000,15,997
93,500000,0,997
94,500000,16,997
95,500000,0,997
96,500000,15,997
97,500000,16,997
98,500000,0,997
99,500000,15,997
0,800000,16,997
1,800000,15,997
2,800000,15,997
3,800000,16,997
4,800000,0,997
5,800000,15,997
6,800000,16,997
7,800000,15,997
8,800000,15,997
9,800000,15,997
10,800000,15,997
11,800000,15,997
12,800000,0,997
13,800000,15,997
14,800000,15,997
15,800000,15,997
16,800000,15,997
17,800000,15,997
18,800000,15,997
19,800000,15,997
20,800000,15,997
21,800000,15,997
22,800000,15,997
23,800000,15,997
24,800000,0,997
25,800000,15,997
26,800000,15,997
27,800000,0,997
28,800000,15,997
29,800000,15,997
30,800000,0,997
31,800000,15,997
32,800000,15,997
33,800000,0,997
34,800000,15,997
35,800000,15,997
36,800000,0,997
37,800000,15,997
38,800000,15,997
39,800000,15,997
40,800000,15,997
41,800000,15,997
42,800000,15,997
43,800000,15,997
44,800000,15,997
45,800000,15,997
46,800000,15,997
47,800000,15,997
48,800000,15,997
49,800000,15,997
50,800000,15,997
51,800000,0,997
52,800000,15,997
53,800000,15,997
54,800000,0,997
55,800000,15,997
56,800000,15,997
57,800000,0,997
58,800000,15,997
59,800000,15,997
60,800000,0,997
61,800000,15,997
62,800000,15,997
63,800000,15,997
64,800000,15,997
65,800000,15,997
66,800000,0,997
67,800000,15,997
68,800000,15,997
69,800000,15,997
70,800000,15,997
71,800000,15,997
72,800000,15,997
73,800000,15,997
74,800000,15,997
75,800000,15,997
76,800000,15,997
77,800000,15,997
78,800000,0,997
79,800000,15,997
80,800000,15,997
81,800000,15,997
82,800000,15,997
83,800000,15,997
84,800000,0,997
85,800000,15,997
86,800000,15,997
87,800000,15,997
88,800000,15,997
89,800000,15,997
90,800000,15,997
91,800000,15,997
92,800000,16,997
93,800000,15,997
94,800000,15,997
95,800000,16,997
96,800000,15,997
97,800000,31,997
98,800000,16,997
99,800000,15,997
0,1000000,15,997
1,1000000,16,997
2,1000000,16,997
3,1000000,15,997
4,1000000,32,997
5,1000000,15,997
6,1000000,16,997
7,1000000,15,997
8,1000000,16,997
9,1000000,15,997
10,1000000,16,997
11,1000000,16,997
12,1000000,15,997
13,1000000,31,997
14,1000000,16,997
15,1000000,16,997
16,1000000,31,997
17,1000000,16,997
18,1000000,15,997
19,1000000,16,997
20,1000000,31,997
21,1000000,16,997
22,1000000,15,997
23,1000000,16,997
24,1000000,15,997
25,1000000,16,997
26,1000000,15,997
27,1000000,32,997
28,1000000,15,997
29,1000000,16,997
30,1000000,16,997
31,1000000,15,997
32,1000000,31,997
33,1000000,16,997
34,1000000,16,997
35,1000000,31,997
36,1000000,16,997
37,1000000,15,997
38,1000000,16,997
39,1000000,31,997
40,1000000,16,997
41,1000000,15,997
42,1000000,32,997
43,1000000,15,997
44,1000000,16,997
45,1000000,15,997
46,1000000,16,997
47,1000000,31,997
48,1000000,16,997
49,1000000,16,997
50,1000000,31,997
51,1000000,16,997
52,1000000,16,997
53,1000000,16,997
54,1000000,15,997
55,1000000,16,997
56,1000000,31,997
57,1000000,16,997
58,1000000,15,997
59,1000000,16,997
60,1000000,16,997
61,1000000,16,997
62,1000000,16,997
63,1000000,15,997
64,1000000,16,997
65,1000000,16,997
66,1000000,16,997
67,1000000,15,997
68,1000000,32,997
69,1000000,15,997
70,1000000,16,997
71,1000000,31,997
72,1000000,16,997
73,1000000,15,997
74,1000000,16,997
75,1000000,31,997
76,1000000,16,997
77,1000000,15,997
78,1000000,16,997
79,1000000,16,997
80,1000000,15,997
81,1000000,16,997
82,1000000,31,997
83,1000000,16,997
84,1000000,15,997
85,1000000,16,997
86,1000000,16,997
87,1000000,16,997
88,1000000,16,997
89,1000000,15,997
90,1000000,31,997
91,1000000,16,997
92,1000000,16,997
93,1000000,15,997
94,1000000,32,997
95,1000000,15,997
96,1000000,16,997
97,1000000,15,997
98,1000000,16,997
99,1000000,15,997
0,2000000,31,997
1,2000000,47,997
2,2000000,31,997
3,2000000,47,997
4,2000000,31,997
5,2000000,32,997
6,2000000,32,997
7,2000000,31,997
8,2000000,47,997
9,2000000,31,997
10,2000000,47,997
11,2000000,31,997
12,2000000,47,997
13,2000000,31,997
14,2000000,47,997
15,2000000,31,997
16,2000000,47,997
17,2000000,31,997
18,2000000,47,997
19,2000000,32,997
20,2000000,31,997
21,2000000,47,997
22,2000000,31,997
23,2000000,47,997
24,2000000,31,997
25,2000000,47,997
26,2000000,31,997
27,2000000,47,997
28,2000000,31,997
29,2000000,47,997
30,2000000,31,997
31,2000000,32,997
32,2000000,47,997
33,2000000,31,997
34,2000000,47,997
35,2000000,47,997
36,2000000,31,997
37,2000000,47,997
38,2000000,31,997
39,2000000,31,997
40,2000000,31,997
41,2000000,31,997
42,2000000,47,997
43,2000000,31,997
44,2000000,47,997
45,2000000,32,997
46,2000000,31,997
47,2000000,32,997
48,2000000,47,997
49,2000000,31,997
50,2000000,47,997
51,2000000,47,997
52,2000000,31,997
53,2000000,47,997
54,2000000,31,997
55,2000000,31,997
56,2000000,47,997
57,2000000,31,997
58,2000000,31,997
59,2000000,47,997
60,2000000,31,997
61,2000000,31,997
62,2000000,47,997
63,2000000,31,997
64,2000000,47,997
65,2000000,32,997
66,2000000,46,997
67,2000000,32,997
68,2000000,47,997
69,2000000,31,997
70,2000000,31,997
71,2000000,47,997
72,2000000,31,997
73,2000000,47,997
74,2000000,31,997
75,2000000,47,997
76,2000000,31,997
77,2000000,47,997
78,2000000,32,997
79,2000000,31,997
80,2000000,32,997
81,2000000,31,997
82,2000000,47,997
83,2000000,31,997
84,2000000,47,997
85,2000000,31,997
86,2000000,47,997
87,2000000,31,997
88,2000000,47,997
89,2000000,31,997
90,2000000,32,997
91,2000000,47,997
92,2000000,31,997
93,2000000,47,997
94,2000000,31,997
95,2000000,31,997
96,2000000,31,997
97,2000000,47,997
98,2000000,31,997
99,2000000,31,997
0,4000000,78,997
1,4000000,78,997
2,4000000,78,997
3,4000000,79,997
4,4000000,78,997
5,4000000,78,997
6,4000000,78,997
7,4000000,94,997
8,4000000,79,997
9,4000000,78,997
10,4000000,79,997
11,4000000,78,997
12,4000000,78,997
13,4000000,78,997
14,4000000,78,997
15,4000000,78,997
16,4000000,78,997
17,4000000,79,997
18,4000000,78,997
19,4000000,78,997
20,4000000,78,997
21,4000000,78,997
22,4000000,110,997
23,4000000,78,997
24,4000000,78,997
25,4000000,78,997
26,4000000,79,997
27,4000000,78,997
28,4000000,78,997
29,4000000,78,997
30,4000000,78,997
31,4000000,78,997
32,4000000,78,997
33,4000000,79,997
34,4000000,78,997
35,4000000,78,997
36,4000000,63,997
37,4000000,78,997
38,4000000,78,997
39,4000000,78,997
40,4000000,79,997
41,4000000,78,997
42,4000000,78,997
43,4000000,78,997
44,4000000,78,997
45,4000000,78,997
46,4000000,78,997
47,4000000,79,997
48,4000000,78,997
49,4000000,78,997
50,4000000,93,997
51,4000000,78,997
52,4000000,78,997
53,4000000,78,997
54,4000000,79,997
55,4000000,78,997
56,4000000,78,997
57,4000000,63,997
58,4000000,78,997
59,4000000,78,997
60,4000000,78,997
61,4000000,79,997
62,4000000,78,997
63,4000000,78,997
64,4000000,78,997
65,4000000,78,997
66,4000000,78,997
67,4000000,78,997
68,4000000,79,997
69,4000000,78,997
70,4000000,78,997
71,4000000,63,997
72,4000000,78,997
73,4000000,78,997
74,4000000,78,997
75,4000000,79,997
76,4000000,78,997
77,4000000,78,997
78,4000000,78,997
79,4000000,78,997
80,4000000,78,997
81,4000000,78,997
82,4000000,79,997
83,4000000,78,997
84,4000000,78,997
85,4000000,78,997
86,4000000,78,997
87,4000000,78,997
88,4000000,78,997
89,4000000,79,997
90,4000000,78,997
91,4000000,78,997
92,4000000,78,997
93,4000000,78,997
94,4000000,78,997
95,4000000,78,997
96,4000000,78,997
97,4000000,78,997
98,4000000,79,997
99,4000000,78,997
0,5000000,94,997
1,5000000,94,997
2,5000000,93,997
3,5000000,109,997
4,5000000,94,997
5,5000000,93,997
6,5000000,94,997
7,5000000,94,997
8,5000000,94,997
9,5000000,94,997
10,5000000,94,997
11,5000000,94,997
12,5000000,94,997
13,5000000,93,997
14,5000000,94,997
15,5000000,93,997
16,5000000,109,997
17,5000000,94,997
18,5000000,94,997
19,5000000,94,997
20,5000000,94,997
21,5000000,94,997
22,5000000,109,997
23,5000000,93,997
24,5000000,94,997
25,5000000,94,997
26,5000000,93,997
27,5000000,94,997
28,5000000,109,997
29,5000000,94,997
30,5000000,110,997
31,5000000,94,997
32,5000000,94,997
33,5000000,94,997
34,5000000,125,997
35,5000000,94,997
36,5000000,110,997
37,5000000,94,997
38,5000000,110,997
39,5000000,94,997
40,5000000,94,997
41,5000000,94,997
42,5000000,93,997
43,5000000,109,997
44,5000000,93,997
45,5000000,109,997
46,5000000,94,997
47,5000000,94,997
48,5000000,110,997
49,5000000,94,997
50,5000000,110,997
51,5000000,94,997
52,5000000,93,997
53,5000000,109,997
54,5000000,93,997
55,5000000,94,997
56,5000000,110,997
57,5000000,94,997
58,5000000,94,997
59,5000000,109,997
60,5000000,94,997
61,5000000,109,997
62,5000000,93,997
63,5000000,109,997
64,5000000,110,997
65,5000000,94,997
66,5000000,93,997
67,5000000,94,997
68,5000000,94,997
69,5000000,110,997
70,5000000,94,997
71,5000000,109,997
72,5000000,94,997
73,5000000,93,997
74,5000000,93,997
75,5000000,94,997
76,5000000,109,997
77,5000000,94,997
78,5000000,110,997
79,5000000,94,997
80,5000000,110,997
81,5000000,94,997
82,5000000,94,997
83,5000000,109,997
84,5000000,93,997
85,5000000,94,997
86,5000000,109,997
87,5000000,110,997
88,5000000,94,997
89,5000000,94,997
90,5000000,93,997
91,5000000,110,997
92,5000000,94,997
93,5000000,110,997
94,5000000,94,997
95,5000000,93,997
96,5000000,94,997
97,5000000,94,997
98,5000000,94,997
99,5000000,94,997
