0,100000,16,0,0,100000,16,0.25,0,100000,15,0.5,0,100000,16,0.75,0,100000,0,0.9,0,100000,0,0.95,0,100000,16,0.997,
1,100000,15,0,1,100000,15,0.25,1,100000,16,0.5,1,100000,15,0.75,1,100000,15,0.9,1,100000,0,0.95,1,100000,0,0.997,
2,100000,15,0,2,100000,16,0.25,2,100000,15,0.5,2,100000,0,0.75,2,100000,16,0.9,2,100000,15,0.95,2,100000,15,0.997,
3,100000,16,0,3,100000,16,0.25,3,100000,16,0.5,3,100000,16,0.75,3,100000,0,0.9,3,100000,0,0.95,3,100000,0,0.997,
4,100000,16,0,4,100000,16,0.25,4,100000,0,0.5,4,100000,16,0.75,4,100000,16,0.9,4,100000,16,0.95,4,100000,15,0.997,
5,100000,16,0,5,100000,15,0.25,5,100000,16,0.5,5,100000,16,0.75,5,100000,16,0.9,5,100000,0,0.95,5,100000,0,0.997,
6,100000,16,0,6,100000,16,0.25,6,100000,16,0.5,6,100000,16,0.75,6,100000,15,0.9,6,100000,0,0.95,6,100000,0,0.997,
7,100000,16,0,7,100000,16,0.25,7,100000,0,0.5,7,100000,16,0.75,7,100000,16,0.9,7,100000,16,0.95,7,100000,15,0.997,
8,100000,16,0,8,100000,15,0.25,8,100000,16,0.5,8,100000,16,0.75,8,100000,0,0.9,8,100000,16,0.95,8,100000,16,0.997,
9,100000,15,0,9,100000,16,0.25,9,100000,15,0.5,9,100000,15,0.75,9,100000,16,0.9,9,100000,0,0.95,9,100000,0,0.997,
10,100000,16,0,10,100000,15,0.25,10,100000,0,0.5,10,100000,16,0.75,10,100000,15,0.9,10,100000,15,0.95,10,100000,16,0.997,
11,100000,15,0,11,100000,16,0.25,11,100000,16,0.5,11,100000,0,0.75,11,100000,0,0.9,11,100000,16,0.95,11,100000,15,0.997,
12,100000,16,0,12,100000,16,0.25,12,100000,0,0.5,12,100000,16,0.75,12,100000,16,0.9,12,100000,15,0.95,12,100000,0,0.997,
13,100000,16,0,13,100000,16,0.25,13,100000,16,0.5,13,100000,0,0.75,13,100000,16,0.9,13,100000,16,0.95,13,100000,16,0.997,
14,100000,16,0,14,100000,15,0.25,14,100000,15,0.5,14,100000,0,0.75,14,100000,0,0.9,14,100000,15,0.95,14,100000,16,0.997,
15,100000,15,0,15,100000,16,0.25,15,100000,16,0.5,15,100000,0,0.75,15,100000,16,0.9,15,100000,16,0.95,15,100000,15,0.997,
16,100000,16,0,16,100000,15,0.25,16,100000,16,0.5,16,100000,15,0.75,16,100000,15,0.9,16,100000,16,0.95,16,100000,16,0.997,
17,100000,15,0,17,100000,16,0.25,17,100000,15,0.5,17,100000,0,0.75,17,100000,16,0.9,17,100000,15,0.95,17,100000,15,0.997,
18,100000,16,0,18,100000,16,0.25,18,100000,16,0.5,18,100000,0,0.75,18,100000,16,0.9,18,100000,16,0.95,18,100000,16,0.997,
19,100000,16,0,19,100000,15,0.25,19,100000,15,0.5,19,100000,16,0.75,19,100000,16,0.9,19,100000,0,0.95,19,100000,16,0.997,
20,100000,15,0,20,100000,15,0.25,20,100000,16,0.5,20,100000,15,0.75,20,100000,0,0.9,20,100000,0,0.95,20,100000,15,0.997,
21,100000,16,0,21,100000,16,0.25,21,100000,16,0.5,21,100000,16,0.75,21,100000,0,0.9,21,100000,16,0.95,21,100000,16,0.997,
22,100000,15,0,22,100000,16,0.25,22,100000,15,0.5,22,100000,0,0.75,22,100000,0,0.9,22,100000,15,0.95,22,100000,15,0.997,
23,100000,16,0,23,100000,16,0.25,23,100000,16,0.5,23,100000,0,0.75,23,100000,0,0.9,23,100000,16,0.95,23,100000,16,0.997,
24,100000,16,0,24,100000,0,0.25,24,100000,15,0.5,24,100000,16,0.75,24,100000,0,0.9,24,100000,0,0.95,24,100000,16,0.997,
25,100000,15,0,25,100000,0,0.25,25,100000,16,0.5,25,100000,15,0.75,25,100000,0,0.9,25,100000,16,0.95,25,100000,15,0.997,
26,100000,16,0,26,100000,15,0.25,26,100000,16,0.5,26,100000,0,0.75,26,100000,0,0.9,26,100000,16,0.95,26,100000,16,0.997,
27,100000,15,0,27,100000,16,0.25,27,100000,15,0.5,27,100000,0,0.75,27,100000,0,0.9,27,100000,15,0.95,27,100000,15,0.997,
28,100000,16,0,28,100000,16,0.25,28,100000,16,0.5,28,100000,0,0.75,28,100000,0,0.9,28,100000,16,0.95,28,100000,16,0.997,
29,100000,16,0,29,100000,15,0.25,29,100000,16,0.5,29,100000,16,0.75,29,100000,0,0.9,29,100000,0,0.95,29,100000,16,0.997,
30,100000,15,0,30,100000,0,0.25,30,100000,15,0.5,30,100000,15,0.75,30,100000,0,0.9,30,100000,15,0.95,30,100000,15,0.997,
31,100000,16,0,31,100000,16,0.25,31,100000,16,0.5,31,100000,0,0.75,31,100000,0,0.9,31,100000,16,0.95,31,100000,16,0.997,
32,100000,16,0,32,100000,15,0.25,32,100000,15,0.5,32,100000,16,0.75,32,100000,0,0.9,32,100000,15,0.95,32,100000,16,0.997,
33,100000,15,0,33,100000,15,0.25,33,100000,16,0.5,33,100000,15,0.75,33,100000,0,0.9,33,100000,0,0.95,33,100000,15,0.997,
34,100000,16,0,34,100000,0,0.25,34,100000,16,0.5,34,100000,16,0.75,34,100000,0,0.9,34,100000,16,0.95,34,100000,16,0.997,
35,100000,15,0,35,100000,16,0.25,35,100000,15,0.5,35,100000,15,0.75,35,100000,0,0.9,35,100000,0,0.95,35,100000,15,0.997,
36,100000,16,0,36,100000,0,0.25,36,100000,16,0.5,36,100000,16,0.75,36,100000,0,0.9,36,100000,0,0.95,36,100000,16,0.997,
37,100000,16,0,37,100000,16,0.25,37,100000,15,0.5,37,100000,16,0.75,37,100000,0,0.9,37,100000,0,0.95,37,100000,16,0.997,
38,100000,15,0,38,100000,0,0.25,38,100000,16,0.5,38,100000,15,0.75,38,100000,0,0.9,38,100000,16,0.95,38,100000,15,0.997,
39,100000,16,0,39,100000,15,0.25,39,100000,16,0.5,39,100000,0,0.75,39,100000,0,0.9,39,100000,16,0.95,39,100000,16,0.997,
40,100000,15,0,40,100000,16,0.25,40,100000,15,0.5,40,100000,0,0.75,40,100000,16,0.9,40,100000,15,0.95,40,100000,15,0.997,
41,100000,16,0,41,100000,16,0.25,41,100000,16,0.5,41,100000,0,0.75,41,100000,16,0.9,41,100000,16,0.95,41,100000,0,0.997,
42,100000,16,0,42,100000,15,0.25,42,100000,0,0.5,42,100000,16,0.75,42,100000,15,0.9,42,100000,0,0.95,42,100000,0,0.997,
43,100000,16,0,43,100000,16,0.25,43,100000,15,0.5,43,100000,16,0.75,43,100000,16,0.9,43,100000,0,0.95,43,100000,0,0.997,
44,100000,15,0,44,100000,15,0.25,44,100000,16,0.5,44,100000,15,0.75,44,100000,0,0.9,44,100000,0,0.95,44,100000,15,0.997,
45,100000,16,0,45,100000,16,0.25,45,100000,16,0.5,45,100000,16,0.75,45,100000,0,0.9,45,100000,0,0.95,45,100000,16,0.997,
46,100000,15,0,46,100000,16,0.25,46,100000,0,0.5,46,100000,15,0.75,46,100000,16,0.9,46,100000,0,0.95,46,100000,0,0.997,
47,100000,16,0,47,100000,15,0.25,47,100000,16,0.5,47,100000,16,0.75,47,100000,15,0.9,47,100000,0,0.95,47,100000,0,0.997,
48,100000,16,0,48,100000,16,0.25,48,100000,15,0.5,48,100000,16,0.75,48,100000,16,0.9,48,100000,16,0.95,48,100000,0,0.997,
49,100000,16,0,49,100000,15,0.25,49,100000,0,0.5,49,100000,15,0.75,49,100000,15,0.9,49,100000,0,0.95,49,100000,0,0.997,
50,100000,16,0,50,100000,16,0.25,50,100000,16,0.5,50,100000,16,0.75,50,100000,0,0.9,50,100000,0,0.95,50,100000,16,0.997,
51,100000,15,0,51,100000,16,0.25,51,100000,15,0.5,51,100000,15,0.75,51,100000,0,0.9,51,100000,15,0.95,51,100000,15,0.997,
52,100000,16,0,52,100000,16,0.25,52,100000,16,0.5,52,100000,0,0.75,52,100000,0,0.9,52,100000,16,0.95,52,100000,16,0.997,
53,100000,16,0,53,100000,15,0.25,53,100000,15,0.5,53,100000,0,0.75,53,100000,15,0.9,53,100000,15,0.95,53,100000,16,0.997,
54,100000,15,0,54,100000,16,0.25,54,100000,16,0.5,54,100000,0,0.75,54,100000,16,0.9,54,100000,16,0.95,54,100000,15,0.997,
55,100000,16,0,55,100000,15,0.25,55,100000,16,0.5,55,100000,0,0.75,55,100000,15,0.9,55,100000,16,0.95,55,100000,0,0.997,
56,100000,15,0,56,100000,16,0.25,56,100000,0,0.5,56,100000,16,0.75,56,100000,16,0.9,56,100000,15,0.95,56,100000,0,0.997,
57,100000,15,0,57,100000,16,0.25,57,100000,15,0.5,57,100000,15,0.75,57,100000,16,0.9,57,100000,0,0.95,57,100000,0,0.997,
58,100000,16,0,58,100000,15,0.25,58,100000,16,0.5,58,100000,16,0.75,58,100000,0,0.9,58,100000,0,0.95,58,100000,16,0.997,
59,100000,16,0,59,100000,16,0.25,59,100000,15,0.5,59,100000,16,0.75,59,100000,16,0.9,59,100000,0,0.95,59,100000,16,0.997,
60,100000,15,0,60,100000,15,0.25,60,100000,16,0.5,60,100000,15,0.75,60,100000,0,0.9,60,100000,0,0.95,60,100000,15,0.997,
61,100000,16,0,61,100000,16,0.25,61,100000,16,0.5,61,100000,16,0.75,61,100000,0,0.9,61,100000,0,0.95,61,100000,16,0.997,
62,100000,15,0,62,100000,0,0.25,62,100000,15,0.5,62,100000,15,0.75,62,100000,0,0.9,62,100000,15,0.95,62,100000,15,0.997,
63,100000,16,0,63,100000,16,0.25,63,100000,16,0.5,63,100000,0,0.75,63,100000,0,0.9,63,100000,16,0.95,63,100000,16,0.997,
64,100000,16,0,64,100000,15,0.25,64,100000,15,0.5,64,100000,0,0.75,64,100000,15,0.9,64,100000,15,0.95,64,100000,16,0.997,
65,100000,15,0,65,100000,16,0.25,65,100000,16,0.5,65,100000,0,0.75,65,100000,16,0.9,65,100000,16,0.95,65,100000,0,0.997,
66,100000,16,0,66,100000,15,0.25,66,100000,0,0.5,66,100000,15,0.75,66,100000,15,0.9,66,100000,0,0.95,66,100000,0,0.997,
67,100000,16,0,67,100000,16,0.25,67,100000,0,0.5,67,100000,16,0.75,67,100000,16,0.9,67,100000,15,0.95,67,100000,0,0.997,
68,100000,16,0,68,100000,16,0.25,68,100000,0,0.5,68,100000,15,0.75,68,100000,16,0.9,68,100000,0,0.95,68,100000,0,0.997,
69,100000,16,0,69,100000,15,0.25,69,100000,0,0.5,69,100000,16,0.75,69,100000,15,0.9,69,100000,0,0.95,69,100000,0,0.997,
70,100000,15,0,70,100000,16,0.25,70,100000,0,0.5,70,100000,16,0.75,70,100000,16,0.9,70,100000,16,0.95,70,100000,0,0.997,
71,100000,16,0,71,100000,15,0.25,71,100000,16,0.5,71,100000,0,0.75,71,100000,0,0.9,71,100000,0,0.95,71,100000,16,0.997,
72,100000,15,0,72,100000,0,0.25,72,100000,15,0.5,72,100000,15,0.75,72,100000,0,0.9,72,100000,15,0.95,72,100000,15,0.997,
73,100000,16,0,73,100000,16,0.25,73,100000,16,0.5,73,100000,16,0.75,73,100000,0,0.9,73,100000,0,0.95,73,100000,16,0.997,
74,100000,16,0,74,100000,16,0.25,74,100000,15,0.5,74,100000,16,0.75,74,100000,0,0.9,74,100000,15,0.95,74,100000,16,0.997,
75,100000,15,0,75,100000,16,0.25,75,100000,16,0.5,75,100000,15,0.75,75,100000,15,0.9,75,100000,0,0.95,75,100000,0,0.997,
76,100000,15,0,76,100000,16,0.25,76,100000,0,0.5,76,100000,16,0.75,76,100000,16,0.9,76,100000,0,0.95,76,100000,0,0.997,
77,100000,15,0,77,100000,16,0.25,77,100000,15,0.5,77,100000,15,0.75,77,100000,16,0.9,77,100000,0,0.95,77,100000,0,0.997,
78,100000,16,0,78,100000,15,0.25,78,100000,16,0.5,78,100000,16,0.75,78,100000,15,0.9,78,100000,15,0.95,78,100000,0,0.997,
79,100000,15,0,79,100000,16,0.25,79,100000,0,0.5,79,100000,16,0.75,79,100000,16,0.9,79,100000,0,0.95,79,100000,0,0.997,
80,100000,16,0,80,100000,15,0.25,80,100000,16,0.5,80,100000,0,0.75,80,100000,15,0.9,80,100000,16,0.95,80,100000,0,0.997,
81,100000,15,0,81,100000,16,0.25,81,100000,0,0.5,81,100000,16,0.75,81,100000,16,0.9,81,100000,0,0.95,81,100000,0,0.997,
82,100000,15,0,82,100000,16,0.25,82,100000,15,0.5,82,100000,15,0.75,82,100000,16,0.9,82,100000,0,0.95,82,100000,15,0.997,
83,100000,16,0,83,100000,15,0.25,83,100000,16,0.5,83,100000,16,0.75,83,100000,0,0.9,83,100000,0,0.95,83,100000,16,0.997,
84,100000,16,0,84,100000,0,0.25,84,100000,15,0.5,84,100000,16,0.75,84,100000,0,0.9,84,100000,15,0.95,84,100000,16,0.997,
85,100000,15,0,85,100000,16,0.25,85,100000,16,0.5,85,100000,0,0.75,85,100000,16,0.9,85,100000,16,0.95,85,100000,15,0.997,
86,100000,16,0,86,100000,15,0.25,86,100000,16,0.5,86,100000,0,0.75,86,100000,15,0.9,86,100000,16,0.95,86,100000,16,0.997,
87,100000,15,0,87,100000,16,0.25,87,100000,15,0.5,87,100000,16,0.75,87,100000,16,0.9,87,100000,15,0.95,87,100000,0,0.997,
88,100000,16,0,88,100000,16,0.25,88,100000,16,0.5,88,100000,15,0.75,88,100000,16,0.9,88,100000,16,0.95,88,100000,0,0.997,
89,100000,16,0,89,100000,15,0.25,89,100000,0,0.5,89,100000,16,0.75,89,100000,15,0.9,89,100000,0,0.95,89,100000,0,0.997,
90,100000,16,0,90,100000,16,0.25,90,100000,15,0.5,90,100000,16,0.75,90,100000,16,0.9,90,100000,0,0.95,90,100000,16,0.997,
91,100000,15,0,91,100000,15,0.25,91,100000,16,0.5,91,100000,15,0.75,91,100000,0,0.9,91,100000,0,0.95,91,100000,15,0.997,
92,100000,16,0,92,100000,16,0.25,92,100000,16,0.5,92,100000,16,0.75,92,100000,0,0.9,92,100000,16,0.95,92,100000,16,0.997,
93,100000,15,0,93,100000,16,0.25,93,100000,15,0.5,93,100000,15,0.75,93,100000,0,0.9,93,100000,15,0.95,93,100000,15,0.997,
94,100000,16,0,94,100000,16,0.25,94,100000,16,0.5,94,100000,0,0.75,94,100000,0,0.9,94,100000,16,0.95,94,100000,16,0.997,
95,100000,16,0,95,100000,16,0.25,95,100000,15,0.5,95,100000,16,0.75,95,100000,0,0.9,95,100000,0,0.95,95,100000,16,0.997,
96,100000,15,0,96,100000,15,0.25,96,100000,16,0.5,96,100000,15,0.75,96,100000,0,0.9,96,100000,16,0.95,96,100000,15,0.997,
97,100000,16,0,97,100000,0,0.25,97,100000,16,0.5,97,100000,16,0.75,97,100000,0,0.9,97,100000,16,0.95,97,100000,16,0.997,
98,100000,15,0,98,100000,16,0.25,98,100000,15,0.5,98,100000,0,0.75,98,100000,0,0.9,98,100000,15,0.95,98,100000,15,0.997,
99,100000,16,0,99,100000,16,0.25,99,100000,16,0.5,99,100000,0,0.75,99,100000,0,0.9,99,100000,16,0.95,99,100000,16,0.997,
0,200000,31,0,0,200000,31,0.25,0,200000,31,0.5,0,200000,16,0.75,0,200000,16,0.9,0,200000,16,0.95,0,200000,15,0.997,
1,200000,47,0,1,200000,31,0.25,1,200000,16,0.5,1,200000,31,0.75,1,200000,15,0.9,1,200000,32,0.95,1,200000,15,0.997,
2,200000,31,0,2,200000,31,0.25,2,200000,15,0.5,2,200000,32,0.75,2,200000,15,0.9,2,200000,31,0.95,2,200000,16,0.997,
3,200000,31,0,3,200000,16,0.25,3,200000,15,0.5,3,200000,31,0.75,3,200000,16,0.9,3,200000,16,0.95,3,200000,16,0.997,
4,200000,32,0,4,200000,16,0.25,4,200000,16,0.5,4,200000,31,0.75,4,200000,16,0.9,4,200000,15,0.95,4,200000,16,0.997,
5,200000,31,0,5,200000,32,0.25,5,200000,31,0.5,5,200000,31,0.75,5,200000,16,0.9,5,200000,15,0.95,5,200000,31,0.997,
6,200000,31,0,6,200000,31,0.25,6,200000,32,0.5,6,200000,15,0.75,6,200000,31,0.9,6,200000,16,0.95,6,200000,16,0.997,
7,200000,31,0,7,200000,31,0.25,7,200000,31,0.5,7,200000,16,0.75,7,200000,31,0.9,7,200000,16,0.95,7,200000,15,0.997,
8,200000,31,0,8,200000,31,0.25,8,200000,31,0.5,8,200000,16,0.75,8,200000,15,0.9,8,200000,16,0.95,8,200000,15,0.997,
9,200000,32,0,9,200000,31,0.25,9,200000,31,0.5,9,200000,16,0.75,9,200000,15,0.9,9,200000,15,0.95,9,200000,16,0.997,
10,200000,31,0,10,200000,16,0.25,10,200000,15,0.5,10,200000,31,0.75,10,200000,16,0.9,10,200000,31,0.95,10,200000,16,0.997,
11,200000,32,0,11,200000,16,0.25,11,200000,16,0.5,11,200000,31,0.75,11,200000,16,0.9,11,200000,15,0.95,11,200000,16,0.997,
12,200000,31,0,12,200000,32,0.25,12,200000,31,0.5,12,200000,15,0.75,12,200000,32,0.9,12,200000,15,0.95,12,200000,16,0.997,
13,200000,31,0,13,200000,31,0.25,13,200000,32,0.5,13,200000,15,0.75,13,200000,31,0.9,13,200000,16,0.95,13,200000,16,0.997,
14,200000,31,0,14,200000,31,0.25,14,200000,31,0.5,14,200000,16,0.75,14,200000,16,0.9,14,200000,16,0.95,14,200000,15,0.997,
15,200000,31,0,15,200000,31,0.25,15,200000,16,0.5,15,200000,31,0.75,15,200000,15,0.9,15,200000,32,0.95,15,200000,15,0.997,
16,200000,31,0,16,200000,15,0.25,16,200000,15,0.5,16,200000,32,0.75,16,200000,15,0.9,16,200000,16,0.95,16,200000,31,0.997,
17,200000,31,0,17,200000,31,0.25,17,200000,31,0.5,17,200000,16,0.75,17,200000,31,0.9,17,200000,16,0.95,17,200000,15,0.997,
18,200000,32,0,18,200000,31,0.25,18,200000,31,0.5,18,200000,16,0.75,18,200000,15,0.9,18,200000,15,0.95,18,200000,16,0.997,
19,200000,31,0,19,200000,31,0.25,19,200000,31,0.5,19,200000,31,0.75,19,200000,16,0.9,19,200000,16,0.95,19,200000,16,0.997,
20,200000,32,0,20,200000,31,0.25,20,200000,31,0.5,20,200000,16,0.75,20,200000,16,0.9,20,200000,15,0.95,20,200000,32,0.997,
21,200000,31,0,21,200000,32,0.25,21,200000,31,0.5,21,200000,31,0.75,21,200000,16,0.9,21,200000,31,0.95,21,200000,16,0.997,
22,200000,32,0,22,200000,31,0.25,22,200000,16,0.5,22,200000,31,0.75,22,200000,16,0.9,22,200000,31,0.95,22,200000,16,0.997,
23,200000,31,0,23,200000,16,0.25,23,200000,31,0.5,23,200000,31,0.75,23,200000,16,0.9,23,200000,15,0.95,23,200000,15,0.997,
24,200000,31,0,24,200000,31,0.25,24,200000,32,0.5,24,200000,15,0.75,24,200000,15,0.9,24,200000,16,0.95,24,200000,31,0.997,
25,200000,31,0,25,200000,31,0.25,25,200000,31,0.5,25,200000,16,0.75,25,200000,31,0.9,25,200000,16,0.95,25,200000,31,0.997,
26,200000,31,0,26,200000,31,0.25,26,200000,31,0.5,26,200000,16,0.75,26,200000,31,0.9,26,200000,16,0.95,26,200000,15,0.997,
27,200000,32,0,27,200000,31,0.25,27,200000,31,0.5,27,200000,16,0.75,27,200000,15,0.9,27,200000,15,0.95,27,200000,16,0.997,
28,200000,31,0,28,200000,32,0.25,28,200000,15,0.5,28,200000,15,0.75,28,200000,16,0.9,28,200000,15,0.95,28,200000,16,0.997,
29,200000,47,0,29,200000,31,0.25,29,200000,16,0.5,29,200000,31,0.75,29,200000,16,0.9,29,200000,31,0.95,29,200000,16,0.997,
30,200000,47,0,30,200000,31,0.25,30,200000,16,0.5,30,200000,31,0.75,30,200000,16,0.9,30,200000,15,0.95,30,200000,31,0.997,
31,200000,31,0,31,200000,31,0.25,31,200000,32,0.5,31,200000,15,0.75,31,200000,15,0.9,31,200000,16,0.95,31,200000,31,0.997,
32,200000,31,0,32,200000,31,0.25,32,200000,31,0.5,32,200000,16,0.75,32,200000,31,0.9,32,200000,16,0.95,32,200000,15,0.997,
33,200000,31,0,33,200000,31,0.25,33,200000,31,0.5,33,200000,16,0.75,33,200000,31,0.9,33,200000,32,0.95,33,200000,15,0.997,
34,200000,47,0,34,200000,31,0.25,34,200000,15,0.5,34,200000,32,0.75,34,200000,15,0.9,34,200000,16,0.95,34,200000,16,0.997,
35,200000,31,0,35,200000,31,0.25,35,200000,31,0.5,35,200000,31,0.75,35,200000,16,0.9,35,200000,16,0.95,35,200000,31,0.997,
36,200000,32,0,36,200000,31,0.25,36,200000,31,0.5,36,200000,16,0.75,36,200000,31,0.9,36,200000,15,0.95,36,200000,16,0.997,
37,200000,31,0,37,200000,32,0.25,37,200000,31,0.5,37,200000,15,0.75,37,200000,16,0.9,37,200000,15,0.95,37,200000,16,0.997,
38,200000,32,0,38,200000,31,0.25,38,200000,16,0.5,38,200000,31,0.75,38,200000,16,0.9,38,200000,31,0.95,38,200000,16,0.997,
39,200000,31,0,39,200000,16,0.25,39,200000,16,0.5,39,200000,31,0.75,39,200000,16,0.9,39,200000,15,0.95,39,200000,15,0.997,
40,200000,31,0,40,200000,31,0.25,40,200000,32,0.5,40,200000,31,0.75,40,200000,15,0.9,40,200000,16,0.95,40,200000,15,0.997,
41,200000,31,0,41,200000,31,0.25,41,200000,31,0.5,41,200000,32,0.75,41,200000,15,0.9,41,200000,16,0.95,41,200000,31,0.997,
42,200000,31,0,42,200000,31,0.25,42,200000,31,0.5,42,200000,16,0.75,42,200000,31,0.9,42,200000,16,0.95,42,200000,31,0.997,
43,200000,32,0,43,200000,31,0.25,43,200000,31,0.5,43,200000,16,0.75,43,200000,15,0.9,43,200000,15,0.95,43,200000,16,0.997,
44,200000,31,0,44,200000,16,0.25,44,200000,15,0.5,44,200000,31,0.75,44,200000,16,0.9,44,200000,16,0.95,44,200000,16,0.997,
45,200000,32,0,45,200000,31,0.25,45,200000,31,0.5,45,200000,16,0.75,45,200000,31,0.9,45,200000,15,0.95,45,200000,16,0.997,
46,200000,31,0,46,200000,32,0.25,46,200000,31,0.5,46,200000,15,0.75,46,200000,16,0.9,46,200000,15,0.95,46,200000,16,0.997,
47,200000,32,0,47,200000,31,0.25,47,200000,16,0.5,47,200000,31,0.75,47,200000,16,0.9,47,200000,15,0.95,47,200000,16,0.997,
48,200000,31,0,48,200000,16,0.25,48,200000,31,0.5,48,200000,15,0.75,48,200000,32,0.9,48,200000,15,0.95,48,200000,16,0.997,
49,200000,31,0,49,200000,31,0.25,49,200000,32,0.5,49,200000,15,0.75,49,200000,16,0.9,49,200000,31,0.95,49,200000,16,0.997,
50,200000,47,0,50,200000,32,0.25,50,200000,31,0.5,50,200000,31,0.75,50,200000,16,0.9,50,200000,15,0.95,50,200000,31,0.997,
51,200000,31,0,51,200000,31,0.25,51,200000,32,0.5,51,200000,15,0.75,51,200000,15,0.9,51,200000,16,0.95,51,200000,31,0.997,
52,200000,31,0,52,200000,31,0.25,52,200000,31,0.5,52,200000,16,0.75,52,200000,31,0.9,52,200000,16,0.95,52,200000,15,0.997,
53,200000,31,0,53,200000,31,0.25,53,200000,31,0.5,53,200000,16,0.75,53,200000,15,0.9,53,200000,16,0.95,53,200000,15,0.997,
54,200000,32,0,54,200000,31,0.25,54,200000,15,0.5,54,200000,16,0.75,54,200000,15,0.9,54,200000,31,0.95,54,200000,16,0.997,
55,200000,32,0,55,200000,31,0.25,55,200000,16,0.5,55,200000,31,0.75,55,200000,16,0.9,55,200000,15,0.95,55,200000,16,0.997,
56,200000,31,0,56,200000,32,0.25,56,200000,31,0.5,56,200000,15,0.75,56,200000,32,0.9,56,200000,15,0.95,56,200000,16,0.997,
57,200000,31,0,57,200000,31,0.25,57,200000,32,0.5,57,200000,15,0.75,57,200000,31,0.9,57,200000,16,0.95,57,200000,16,0.997,
58,200000,31,0,58,200000,31,0.25,58,200000,31,0.5,58,200000,16,0.75,58,200000,16,0.9,58,200000,16,0.95,58,200000,15,0.997,
59,200000,31,0,59,200000,31,0.25,59,200000,31,0.5,59,200000,16,0.75,59,200000,15,0.9,59,200000,16,0.95,59,200000,31,0.997,
60,200000,31,0,60,200000,31,0.25,60,200000,31,0.5,60,200000,16,0.75,60,200000,15,0.9,60,200000,16,0.95,60,200000,15,0.997,
61,200000,31,0,61,200000,31,0.25,61,200000,31,0.5,61,200000,16,0.75,61,200000,15,0.9,61,200000,16,0.95,61,200000,15,0.997,
62,200000,32,0,62,200000,31,0.25,62,200000,15,0.5,62,200000,16,0.75,62,200000,15,0.9,62,200000,15,0.95,62,200000,16,0.997,
63,200000,46,0,63,200000,32,0.25,63,200000,15,0.5,63,200000,31,0.75,63,200000,16,0.9,63,200000,31,0.95,63,200000,16,0.997,
64,200000,47,0,64,200000,31,0.25,64,200000,16,0.5,64,200000,31,0.75,64,200000,16,0.9,64,200000,15,0.95,64,200000,16,0.997,
65,200000,31,0,65,200000,32,0.25,65,200000,31,0.5,65,200000,31,0.75,65,200000,16,0.9,65,200000,15,0.95,65,200000,31,0.997,
66,200000,31,0,66,200000,31,0.25,66,200000,32,0.5,66,200000,15,0.75,66,200000,31,0.9,66,200000,16,0.95,66,200000,16,0.997,
67,200000,31,0,67,200000,31,0.25,67,200000,31,0.5,67,200000,31,0.75,67,200000,16,0.9,67,200000,15,0.95,67,200000,31,0.997,
68,200000,31,0,68,200000,31,0.25,68,200000,32,0.5,68,200000,15,0.75,68,200000,31,0.9,68,200000,16,0.95,68,200000,16,0.997,
69,200000,31,0,69,200000,31,0.25,69,200000,16,0.5,69,200000,31,0.75,69,200000,16,0.9,69,200000,31,0.95,69,200000,15,0.997,
70,200000,31,0,70,200000,31,0.25,70,200000,16,0.5,70,200000,31,0.75,70,200000,15,0.9,70,200000,32,0.95,70,200000,15,0.997,
71,200000,31,0,71,200000,31,0.25,71,200000,31,0.5,71,200000,32,0.75,71,200000,15,0.9,71,200000,16,0.95,71,200000,16,0.997,
72,200000,31,0,72,200000,31,0.25,72,200000,31,0.5,72,200000,16,0.75,72,200000,16,0.9,72,200000,16,0.95,72,200000,31,0.997,
73,200000,32,0,73,200000,31,0.25,73,200000,31,0.5,73,200000,16,0.75,73,200000,31,0.9,73,200000,15,0.95,73,200000,16,0.997,
74,200000,31,0,74,200000,32,0.25,74,200000,31,0.5,74,200000,15,0.75,74,200000,32,0.9,74,200000,15,0.95,74,200000,16,0.997,
75,200000,31,0,75,200000,31,0.25,75,200000,32,0.5,75,200000,15,0.75,75,200000,16,0.9,75,200000,16,0.95,75,200000,16,0.997,
76,200000,31,0,76,200000,31,0.25,76,200000,16,0.5,76,200000,31,0.75,76,200000,16,0.9,76,200000,31,0.95,76,200000,15,0.997,
77,200000,31,0,77,200000,31,0.25,77,200000,32,0.5,77,200000,15,0.75,77,200000,15,0.9,77,200000,16,0.95,77,200000,31,0.997,
78,200000,31,0,78,200000,31,0.25,78,200000,31,0.5,78,200000,16,0.75,78,200000,15,0.9,78,200000,16,0.95,78,200000,31,0.997,
79,200000,31,0,79,200000,31,0.25,79,200000,31,0.5,79,200000,16,0.75,79,200000,31,0.9,79,200000,16,0.95,79,200000,15,0.997,
80,200000,32,0,80,200000,31,0.25,80,200000,15,0.5,80,200000,32,0.75,80,200000,15,0.9,80,200000,31,0.95,80,200000,16,0.997,
81,200000,31,0,81,200000,31,0.25,81,200000,31,0.5,81,200000,31,0.75,81,200000,16,0.9,81,200000,16,0.95,81,200000,31,0.997,
82,200000,32,0,82,200000,31,0.25,82,200000,31,0.5,82,200000,16,0.75,82,200000,31,0.9,82,200000,15,0.95,82,200000,16,0.997,
83,200000,31,0,83,200000,32,0.25,83,200000,31,0.5,83,200000,15,0.75,83,200000,16,0.9,83,200000,15,0.95,83,200000,16,0.997,
84,200000,47,0,84,200000,16,0.25,84,200000,16,0.5,84,200000,31,0.75,84,200000,16,0.9,84,200000,15,0.95,84,200000,16,0.997,
85,200000,31,0,85,200000,32,0.25,85,200000,31,0.5,85,200000,15,0.75,85,200000,16,0.9,85,200000,15,0.95,85,200000,31,0.997,
86,200000,31,0,86,200000,31,0.25,86,200000,32,0.5,86,200000,15,0.75,86,200000,31,0.9,86,200000,16,0.95,86,200000,16,0.997,
87,200000,31,0,87,200000,31,0.25,87,200000,31,0.5,87,200000,16,0.75,87,200000,31,0.9,87,200000,16,0.95,87,200000,15,0.997,
88,200000,31,0,88,200000,31,0.25,88,200000,31,0.5,88,200000,16,0.75,88,200000,15,0.9,88,200000,16,0.95,88,200000,15,0.997,
89,200000,32,0,89,200000,31,0.25,89,200000,31,0.5,89,200000,32,0.75,89,200000,31,0.9,89,200000,16,0.95,89,200000,31,0.997,
90,200000,31,0,90,200000,31,0.25,90,200000,31,0.5,90,200000,16,0.75,90,200000,31,0.9,90,200000,16,0.95,90,200000,15,0.997,
91,200000,32,0,91,200000,31,0.25,91,200000,31,0.5,91,200000,16,0.75,91,200000,31,0.9,91,200000,15,0.95,91,200000,16,0.997,
92,200000,31,0,92,200000,32,0.25,92,200000,31,0.5,92,200000,15,0.75,92,200000,32,0.9,92,200000,15,0.95,92,200000,16,0.997,
93,200000,31,0,93,200000,31,0.25,93,200000,32,0.5,93,200000,15,0.75,93,200000,16,0.9,93,200000,16,0.95,93,200000,16,0.997,
94,200000,31,0,94,200000,31,0.25,94,200000,16,0.5,94,200000,16,0.75,94,200000,16,0.9,94,200000,31,0.95,94,200000,15,0.997,
95,200000,47,0,95,200000,31,0.25,95,200000,16,0.5,95,200000,31,0.75,95,200000,15,0.9,95,200000,16,0.95,95,200000,31,0.997,
96,200000,31,0,96,200000,31,0.25,96,200000,31,0.5,96,200000,16,0.75,96,200000,31,0.9,96,200000,16,0.95,96,200000,15,0.997,
97,200000,31,0,97,200000,31,0.25,97,200000,31,0.5,97,200000,16,0.75,97,200000,31,0.9,97,200000,16,0.95,97,200000,15,0.997,
98,200000,32,0,98,200000,31,0.25,98,200000,31,0.5,98,200000,16,0.75,98,200000,31,0.9,98,200000,15,0.95,98,200000,16,0.997,
99,200000,31,0,99,200000,31,0.25,99,200000,31,0.5,99,200000,31,0.75,99,200000,16,0.9,99,200000,16,0.95,99,200000,16,0.997,
0,500000,94,0,0,500000,78,0.25,0,500000,62,0.5,0,500000,63,0.75,0,500000,47,0.9,0,500000,62,0.95,0,500000,47,0.997,
1,500000,78,0,1,500000,78,0.25,1,500000,62,0.5,1,500000,63,0.75,1,500000,62,0.9,1,500000,46,0.95,1,500000,62,0.997,
2,500000,78,0,2,500000,78,0.25,2,500000,78,0.5,2,500000,63,0.75,2,500000,47,0.9,2,500000,62,0.95,2,500000,47,0.997,
3,500000,78,0,3,500000,78,0.25,3,500000,62,0.5,3,500000,63,0.75,3,500000,62,0.9,3,500000,46,0.95,3,500000,47,0.997,
4,500000,94,0,4,500000,78,0.25,4,500000,78,0.5,4,500000,47,0.75,4,500000,63,0.9,4,500000,62,0.95,4,500000,47,0.997,
5,500000,78,0,5,500000,78,0.25,5,500000,62,0.5,5,500000,63,0.75,5,500000,62,0.9,5,500000,46,0.95,5,500000,47,0.997,
6,500000,94,0,6,500000,78,0.25,6,500000,62,0.5,6,500000,63,0.75,6,500000,47,0.9,6,500000,47,0.95,6,500000,47,0.997,
7,500000,78,0,7,500000,78,0.25,7,500000,78,0.5,7,500000,47,0.75,7,500000,62,0.9,7,500000,46,0.95,7,500000,62,0.997,
8,500000,94,0,8,500000,78,0.25,8,500000,62,0.5,8,500000,63,0.75,8,500000,47,0.9,8,500000,62,0.95,8,500000,47,0.997,
9,500000,78,0,9,500000,78,0.25,9,500000,62,0.5,9,500000,47,0.75,9,500000,62,0.9,9,500000,62,0.95,9,500000,47,0.997,
10,500000,78,0,10,500000,78,0.25,10,500000,62,0.5,10,500000,63,0.75,10,500000,62,0.9,10,500000,47,0.95,10,500000,63,0.997,
11,500000,93,0,11,500000,78,0.25,11,500000,78,0.5,11,500000,62,0.75,11,500000,46,0.9,11,500000,47,0.95,11,500000,47,0.997,
12,500000,78,0,12,500000,78,0.25,12,500000,78,0.5,12,500000,62,0.75,12,500000,47,0.9,12,500000,63,0.95,12,500000,47,0.997,
13,500000,93,0,13,500000,78,0.25,13,500000,63,0.5,13,500000,62,0.75,13,500000,46,0.9,13,500000,47,0.95,13,500000,63,0.997,
14,500000,78,0,14,500000,78,0.25,14,500000,62,0.5,14,500000,63,0.75,14,500000,62,0.9,14,500000,47,0.95,14,500000,63,0.997,
15,500000,93,0,15,500000,78,0.25,15,500000,78,0.5,15,500000,47,0.75,15,500000,46,0.9,15,500000,62,0.95,15,500000,47,0.997,
16,500000,78,0,16,500000,78,0.25,16,500000,78,0.5,16,500000,47,0.75,16,500000,62,0.9,16,500000,63,0.95,16,500000,47,0.997,
17,500000,78,0,17,500000,78,0.25,17,500000,63,0.5,17,500000,62,0.75,17,500000,63,0.9,17,500000,47,0.95,17,500000,47,0.997,
18,500000,94,0,18,500000,78,0.25,18,500000,78,0.5,18,500000,46,0.75,18,500000,62,0.9,18,500000,47,0.95,18,500000,47,0.997,
19,500000,93,0,19,500000,78,0.25,19,500000,78,0.5,19,500000,62,0.75,19,500000,47,0.9,19,500000,47,0.95,19,500000,47,0.997,
20,500000,78,0,20,500000,78,0.25,20,500000,78,0.5,20,500000,46,0.75,20,500000,47,0.9,20,500000,63,0.95,20,500000,47,0.997,
21,500000,78,0,21,500000,94,0.25,21,500000,63,0.5,21,500000,62,0.75,21,500000,63,0.9,21,500000,47,0.95,21,500000,62,0.997,
22,500000,94,0,22,500000,78,0.25,22,500000,78,0.5,22,500000,46,0.75,22,500000,47,0.9,22,500000,63,0.95,22,500000,47,0.997,
23,500000,78,0,23,500000,78,0.25,23,500000,63,0.5,23,500000,47,0.75,23,500000,63,0.9,23,500000,62,0.95,23,500000,46,0.997,
24,500000,78,0,24,500000,62,0.25,24,500000,62,0.5,24,500000,62,0.75,24,500000,47,0.9,24,500000,63,0.95,24,500000,47,0.997,
25,500000,78,0,25,500000,78,0.25,25,500000,63,0.5,25,500000,47,0.75,25,500000,63,0.9,25,500000,62,0.95,25,500000,46,0.997,
26,500000,94,0,26,500000,78,0.25,26,500000,62,0.5,26,500000,62,0.75,26,500000,63,0.9,26,500000,47,0.95,26,500000,62,0.997,
27,500000,94,0,27,500000,78,0.25,27,500000,78,0.5,27,500000,63,0.75,27,500000,47,0.9,27,500000,62,0.95,27,500000,46,0.997,
28,500000,78,0,28,500000,78,0.25,28,500000,62,0.5,28,500000,62,0.75,28,500000,63,0.9,28,500000,47,0.95,28,500000,47,0.997,
29,500000,94,0,29,500000,78,0.25,29,500000,62,0.5,29,500000,63,0.75,29,500000,47,0.9,29,500000,46,0.95,29,500000,62,0.997,
30,500000,94,0,30,500000,78,0.25,30,500000,78,0.5,30,500000,63,0.75,30,500000,47,0.9,30,500000,62,0.95,30,500000,47,0.997,
31,500000,78,0,31,500000,62,0.25,31,500000,62,0.5,31,500000,63,0.75,31,500000,47,0.9,31,500000,46,0.95,31,500000,46,0.997,
32,500000,78,0,32,500000,78,0.25,32,500000,62,0.5,32,500000,62,0.75,32,500000,63,0.9,32,500000,47,0.95,32,500000,47,0.997,
33,500000,94,0,33,500000,78,0.25,33,500000,78,0.5,33,500000,63,0.75,33,500000,47,0.9,33,500000,46,0.95,33,500000,46,0.997,
34,500000,94,0,34,500000,78,0.25,34,500000,78,0.5,34,500000,47,0.75,34,500000,63,0.9,34,500000,47,0.95,34,500000,47,0.997,
35,500000,94,0,35,500000,62,0.25,35,500000,62,0.5,35,500000,63,0.75,35,500000,47,0.9,35,500000,46,0.95,35,500000,62,0.997,
36,500000,94,0,36,500000,78,0.25,36,500000,78,0.5,36,500000,63,0.75,36,500000,47,0.9,36,500000,62,0.95,36,500000,47,0.997,
37,500000,78,0,37,500000,78,0.25,37,500000,62,0.5,37,500000,63,0.75,37,500000,62,0.9,37,500000,46,0.95,37,500000,62,0.997,
38,500000,78,0,38,500000,78,0.25,38,500000,78,0.5,38,500000,47,0.75,38,500000,63,0.9,38,500000,47,0.95,38,500000,47,0.997,
39,500000,94,0,39,500000,78,0.25,39,500000,78,0.5,39,500000,47,0.75,39,500000,63,0.9,39,500000,47,0.95,39,500000,46,0.997,
40,500000,94,0,40,500000,78,0.25,40,500000,62,0.5,40,500000,62,0.75,40,500000,47,0.9,40,500000,63,0.95,40,500000,47,0.997,
41,500000,78,0,41,500000,78,0.25,41,500000,78,0.5,41,500000,47,0.75,41,500000,47,0.9,41,500000,62,0.95,41,500000,46,0.997,
42,500000,78,0,42,500000,78,0.25,42,500000,62,0.5,42,500000,62,0.75,42,500000,63,0.9,42,500000,47,0.95,42,500000,47,0.997,
43,500000,94,0,43,500000,78,0.25,43,500000,62,0.5,43,500000,63,0.75,43,500000,47,0.9,43,500000,46,0.95,43,500000,62,0.997,
44,500000,78,0,44,500000,78,0.25,44,500000,78,0.5,44,500000,63,0.75,44,500000,47,0.9,44,500000,62,0.95,44,500000,47,0.997,
45,500000,78,0,45,500000,78,0.25,45,500000,62,0.5,45,500000,47,0.75,45,500000,62,0.9,45,500000,46,0.95,45,500000,47,0.997,
46,500000,78,0,46,500000,78,0.25,46,500000,62,0.5,46,500000,63,0.75,46,500000,47,0.9,46,500000,47,0.95,46,500000,47,0.997,
47,500000,93,0,47,500000,78,0.25,47,500000,78,0.5,47,500000,62,0.75,47,500000,46,0.9,47,500000,62,0.95,47,500000,47,0.997,
48,500000,78,0,48,500000,78,0.25,48,500000,62,0.5,48,500000,63,0.75,48,500000,62,0.9,48,500000,47,0.95,48,500000,47,0.997,
49,500000,93,0,49,500000,78,0.25,49,500000,63,0.5,49,500000,62,0.75,49,500000,46,0.9,49,500000,47,0.95,49,500000,63,0.997,
50,500000,93,0,50,500000,78,0.25,50,500000,78,0.5,50,500000,62,0.75,50,500000,47,0.9,50,500000,63,0.95,50,500000,47,0.997,
51,500000,78,0,51,500000,78,0.25,51,500000,63,0.5,51,500000,62,0.75,51,500000,62,0.9,51,500000,47,0.95,51,500000,63,0.997,
52,500000,93,0,52,500000,78,0.25,52,500000,62,0.5,52,500000,62,0.75,52,500000,62,0.9,52,500000,47,0.95,52,500000,63,0.997,
53,500000,93,0,53,500000,78,0.25,53,500000,78,0.5,53,500000,62,0.75,53,500000,47,0.9,53,500000,63,0.95,53,500000,47,0.997,
54,500000,78,0,54,500000,78,0.25,54,500000,63,0.5,54,500000,46,0.75,54,500000,62,0.9,54,500000,47,0.95,54,500000,47,0.997,
55,500000,93,0,55,500000,78,0.25,55,500000,63,0.5,55,500000,62,0.75,55,500000,47,0.9,55,500000,63,0.95,55,500000,47,0.997,
56,500000,78,0,56,500000,78,0.25,56,500000,63,0.5,56,500000,62,0.75,56,500000,62,0.9,56,500000,47,0.95,56,500000,47,0.997,
57,500000,93,0,57,500000,78,0.25,57,500000,78,0.5,57,500000,62,0.75,57,500000,47,0.9,57,500000,47,0.95,57,500000,47,0.997,
58,500000,78,0,58,500000,78,0.25,58,500000,78,0.5,58,500000,46,0.75,58,500000,62,0.9,58,500000,47,0.95,58,500000,47,0.997,
59,500000,93,0,59,500000,78,0.25,59,500000,63,0.5,59,500000,62,0.75,59,500000,47,0.9,59,500000,47,0.95,59,500000,47,0.997,
60,500000,78,0,60,500000,78,0.25,60,500000,63,0.5,60,500000,46,0.75,60,500000,62,0.9,60,500000,47,0.95,60,500000,47,0.997,
61,500000,93,0,61,500000,62,0.25,61,500000,63,0.5,61,500000,62,0.75,61,500000,63,0.9,61,500000,47,0.95,61,500000,46,0.997,
62,500000,94,0,62,500000,78,0.25,62,500000,62,0.5,62,500000,62,0.75,62,500000,47,0.9,62,500000,47,0.95,62,500000,47,0.997,
63,500000,78,0,63,500000,78,0.25,63,500000,63,0.5,63,500000,62,0.75,63,500000,63,0.9,63,500000,47,0.95,63,500000,62,0.997,
64,500000,94,0,64,500000,78,0.25,64,500000,62,0.5,64,500000,46,0.75,64,500000,62,0.9,64,500000,47,0.95,64,500000,47,0.997,
65,500000,78,0,65,500000,78,0.25,65,500000,63,0.5,65,500000,62,0.75,65,500000,63,0.9,65,500000,47,0.95,65,500000,46,0.997,
66,500000,94,0,66,500000,78,0.25,66,500000,62,0.5,66,500000,62,0.75,66,500000,47,0.9,66,500000,47,0.95,66,500000,47,0.997,
67,500000,78,0,67,500000,78,0.25,67,500000,63,0.5,67,500000,47,0.75,67,500000,63,0.9,67,500000,47,0.95,67,500000,62,0.997,
68,500000,94,0,68,500000,78,0.25,68,500000,78,0.5,68,500000,62,0.75,68,500000,47,0.9,68,500000,47,0.95,68,500000,47,0.997,
69,500000,94,0,69,500000,78,0.25,69,500000,63,0.5,69,500000,47,0.75,69,500000,63,0.9,69,500000,47,0.95,69,500000,46,0.997,
70,500000,78,0,70,500000,62,0.25,70,500000,62,0.5,70,500000,62,0.75,70,500000,63,0.9,70,500000,47,0.95,70,500000,47,0.997,
71,500000,94,0,71,500000,78,0.25,71,500000,62,0.5,71,500000,63,0.75,71,500000,47,0.9,71,500000,62,0.95,71,500000,46,0.997,
72,500000,78,0,72,500000,78,0.25,72,500000,62,0.5,72,500000,62,0.75,72,500000,63,0.9,72,500000,47,0.95,72,500000,62,0.997,
73,500000,94,0,73,500000,78,0.25,73,500000,62,0.5,73,500000,47,0.75,73,500000,47,0.9,73,500000,62,0.95,73,500000,46,0.997,
74,500000,78,0,74,500000,78,0.25,74,500000,62,0.5,74,500000,62,0.75,74,500000,63,0.9,74,500000,47,0.95,74,500000,47,0.997,
75,500000,94,0,75,500000,78,0.25,75,500000,78,0.5,75,500000,47,0.75,75,500000,63,0.9,75,500000,47,0.95,75,500000,46,0.997,
76,500000,78,0,76,500000,78,0.25,76,500000,62,0.5,76,500000,62,0.75,76,500000,63,0.9,76,500000,47,0.95,76,500000,62,0.997,
77,500000,94,0,77,500000,78,0.25,77,500000,62,0.5,77,500000,63,0.75,77,500000,63,0.9,77,500000,47,0.95,77,500000,62,0.997,
78,500000,94,0,78,500000,78,0.25,78,500000,78,0.5,78,500000,62,0.75,78,500000,47,0.9,78,500000,63,0.95,78,500000,47,0.997,
79,500000,78,0,79,500000,78,0.25,79,500000,63,0.5,79,500000,62,0.75,79,500000,63,0.9,79,500000,47,0.95,79,500000,46,0.997,
80,500000,94,0,80,500000,78,0.25,80,500000,62,0.5,80,500000,62,0.75,80,500000,47,0.9,80,500000,47,0.95,80,500000,47,0.997,
81,500000,78,0,81,500000,78,0.25,81,500000,63,0.5,81,500000,47,0.75,81,500000,63,0.9,81,500000,62,0.95,81,500000,46,0.997,
82,500000,78,0,82,500000,78,0.25,82,500000,62,0.5,82,500000,62,0.75,82,500000,63,0.9,82,500000,47,0.95,82,500000,47,0.997,
83,500000,94,0,83,500000,78,0.25,83,500000,62,0.5,83,500000,63,0.75,83,500000,47,0.9,83,500000,46,0.95,83,500000,46,0.997,
84,500000,78,0,84,500000,78,0.25,84,500000,62,0.5,84,500000,47,0.75,84,500000,63,0.9,84,500000,62,0.95,84,500000,47,0.997,
85,500000,94,0,85,500000,78,0.25,85,500000,62,0.5,85,500000,63,0.75,85,500000,47,0.9,85,500000,46,0.95,85,500000,62,0.997,
86,500000,94,0,86,500000,78,0.25,86,500000,78,0.5,86,500000,47,0.75,86,500000,63,0.9,86,500000,62,0.95,86,500000,47,0.997,
87,500000,78,0,87,500000,78,0.25,87,500000,62,0.5,87,500000,63,0.75,87,500000,62,0.9,87,500000,47,0.95,87,500000,63,0.997,
88,500000,93,0,88,500000,78,0.25,88,500000,63,0.5,88,500000,62,0.75,88,500000,46,0.9,88,500000,62,0.95,88,500000,47,0.997,
89,500000,78,0,89,500000,78,0.25,89,500000,62,0.5,89,500000,47,0.75,89,500000,62,0.9,89,500000,47,0.95,89,500000,47,0.997,
90,500000,78,0,90,500000,78,0.25,90,500000,78,0.5,90,500000,47,0.75,90,500000,46,0.9,90,500000,62,0.95,90,500000,47,0.997,
91,500000,94,0,91,500000,63,0.25,91,500000,62,0.5,91,500000,63,0.75,91,500000,62,0.9,91,500000,47,0.95,91,500000,63,0.997,
92,500000,93,0,92,500000,78,0.25,92,500000,62,0.5,92,500000,63,0.75,92,500000,62,0.9,92,500000,46,0.95,92,500000,47,0.997,
93,500000,94,0,93,500000,63,0.25,93,500000,78,0.5,93,500000,63,0.75,93,500000,47,0.9,93,500000,62,0.95,93,500000,47,0.997,
94,500000,78,0,94,500000,78,0.25,94,500000,62,0.5,94,500000,63,0.75,94,500000,62,0.9,94,500000,46,0.95,94,500000,47,0.997,
95,500000,94,0,95,500000,63,0.25,95,500000,62,0.5,95,500000,63,0.75,95,500000,62,0.9,95,500000,47,0.95,95,500000,63,0.997,
96,500000,93,0,96,500000,78,0.25,96,500000,78,0.5,96,500000,62,0.75,96,500000,46,0.9,96,500000,62,0.95,96,500000,47,0.997,
97,500000,94,0,97,500000,78,0.25,97,500000,62,0.5,97,500000,63,0.75,97,500000,47,0.9,97,500000,47,0.95,97,500000,63,0.997,
98,500000,93,0,98,500000,78,0.25,98,500000,78,0.5,98,500000,62,0.75,98,500000,46,0.9,98,500000,47,0.95,98,500000,47,0.997,
99,500000,78,0,99,500000,78,0.25,99,500000,62,0.5,99,500000,47,0.75,99,500000,62,0.9,99,500000,47,0.95,99,500000,47,0.997,
0,800000,141,0,0,800000,125,0.25,0,800000,109,0.5,0,800000,94,0.75,0,800000,78,0.9,0,800000,78,0.95,0,800000,93,0.997,
1,800000,140,0,1,800000,125,0.25,1,800000,109,0.5,1,800000,93,0.75,1,800000,78,0.9,1,800000,93,0.95,1,800000,78,0.997,
2,800000,140,0,2,800000,125,0.25,2,800000,110,0.5,2,800000,94,0.75,2,800000,94,0.9,2,800000,78,0.95,2,800000,78,0.997,
3,800000,140,0,3,800000,140,0.25,3,800000,109,0.5,3,800000,94,0.75,3,800000,78,0.9,3,800000,78,0.95,3,800000,93,0.997,
4,800000,140,0,4,800000,125,0.25,4,800000,109,0.5,4,800000,93,0.75,4,800000,93,0.9,4,800000,93,0.95,4,800000,78,0.997,
5,800000,140,0,5,800000,140,0.25,5,800000,110,0.5,5,800000,94,0.75,5,800000,78,0.9,5,800000,78,0.95,5,800000,78,0.997,
6,800000,140,0,6,800000,125,0.25,6,800000,109,0.5,6,800000,94,0.75,6,800000,78,0.9,6,800000,78,0.95,6,800000,78,0.997,
7,800000,156,0,7,800000,125,0.25,7,800000,125,0.5,7,800000,109,0.75,7,800000,78,0.9,7,800000,78,0.95,7,800000,93,0.997,
8,800000,140,0,8,800000,125,0.25,8,800000,125,0.5,8,800000,109,0.75,8,800000,94,0.9,8,800000,94,0.95,8,800000,94,0.997,
9,800000,141,0,9,800000,156,0.25,9,800000,125,0.5,9,800000,93,0.75,9,800000,94,0.9,9,800000,94,0.95,9,800000,94,0.997,
10,800000,141,0,10,800000,141,0.25,10,800000,125,0.5,10,800000,125,0.75,10,800000,94,0.9,10,800000,78,0.95,10,800000,78,0.997,
11,800000,140,0,11,800000,125,0.25,11,800000,109,0.5,11,800000,93,0.75,11,800000,93,0.9,11,800000,93,0.95,11,800000,78,0.997,
12,800000,140,0,12,800000,124,0.25,12,800000,110,0.5,12,800000,94,0.75,12,800000,78,0.9,12,800000,78,0.95,12,800000,78,0.997,
13,800000,141,0,13,800000,125,0.25,13,800000,110,0.5,13,800000,94,0.75,13,800000,78,0.9,13,800000,78,0.95,13,800000,78,0.997,
14,800000,141,0,14,800000,141,0.25,14,800000,109,0.5,14,800000,93,0.75,14,800000,93,0.9,14,800000,78,0.95,14,800000,78,0.997,
15,800000,140,0,15,800000,125,0.25,15,800000,109,0.5,15,800000,94,0.75,15,800000,78,0.9,15,800000,78,0.95,15,800000,78,0.997,
16,800000,141,0,16,800000,124,0.25,16,800000,109,0.5,16,800000,94,0.75,16,800000,94,0.9,16,800000,78,0.95,16,800000,78,0.997,
17,800000,141,0,17,800000,125,0.25,17,800000,110,0.5,17,800000,94,0.75,17,800000,94,0.9,17,800000,94,0.95,17,800000,78,0.997,
18,800000,140,0,18,800000,140,0.25,18,800000,109,0.5,18,800000,94,0.75,18,800000,94,0.9,18,800000,94,0.95,18,800000,78,0.997,
19,800000,141,0,19,800000,125,0.25,19,800000,109,0.5,19,800000,94,0.75,19,800000,94,0.9,19,800000,78,0.95,19,800000,78,0.997,
20,800000,141,0,20,800000,125,0.25,20,800000,109,0.5,20,800000,93,0.75,20,800000,93,0.9,20,800000,78,0.95,20,800000,94,0.997,
21,800000,140,0,21,800000,125,0.25,21,800000,109,0.5,21,800000,94,0.75,21,800000,94,0.9,21,800000,94,0.95,21,800000,78,0.997,
22,800000,156,0,22,800000,125,0.25,22,800000,109,0.5,22,800000,93,0.75,22,800000,93,0.9,22,800000,93,0.95,22,800000,78,0.997,
23,800000,140,0,23,800000,124,0.25,23,800000,110,0.5,23,800000,110,0.75,23,800000,78,0.9,23,800000,94,0.95,23,800000,78,0.997,
24,800000,141,0,24,800000,141,0.25,24,800000,109,0.5,24,800000,93,0.75,24,800000,93,0.9,24,800000,78,0.95,24,800000,78,0.997,
25,800000,140,0,25,800000,125,0.25,25,800000,124,0.5,25,800000,93,0.75,25,800000,78,0.9,25,800000,78,0.95,25,800000,94,0.997,
26,800000,141,0,26,800000,124,0.25,26,800000,109,0.5,26,800000,94,0.75,26,800000,94,0.9,26,800000,94,0.95,26,800000,78,0.997,
27,800000,140,0,27,800000,125,0.25,27,800000,110,0.5,27,800000,94,0.75,27,800000,94,0.9,27,800000,78,0.95,27,800000,78,0.997,
28,800000,141,0,28,800000,125,0.25,28,800000,109,0.5,28,800000,93,0.75,28,800000,93,0.9,28,800000,78,0.95,28,800000,94,0.997,
29,800000,140,0,29,800000,125,0.25,29,800000,109,0.5,29,800000,94,0.75,29,800000,94,0.9,29,800000,94,0.95,29,800000,78,0.997,
30,800000,141,0,30,800000,125,0.25,30,800000,109,0.5,30,800000,94,0.75,30,800000,78,0.9,30,800000,78,0.95,30,800000,78,0.997,
31,800000,140,0,31,800000,125,0.25,31,800000,125,0.5,31,800000,109,0.75,31,800000,78,0.9,31,800000,78,0.95,31,800000,78,0.997,
32,800000,140,0,32,800000,140,0.25,32,800000,109,0.5,32,800000,94,0.75,32,800000,94,0.9,32,800000,78,0.95,32,800000,78,0.997,
33,800000,141,0,33,800000,125,0.25,33,800000,125,0.5,33,800000,109,0.75,33,800000,78,0.9,33,800000,93,0.95,33,800000,78,0.997,
34,800000,140,0,34,800000,125,0.25,34,800000,110,0.5,34,800000,94,0.75,34,800000,94,0.9,34,800000,78,0.95,34,800000,78,0.997,
35,800000,156,0,35,800000,124,0.25,35,800000,110,0.5,35,800000,94,0.75,35,800000,78,0.9,35,800000,78,0.95,35,800000,94,0.997,
36,800000,141,0,36,800000,125,0.25,36,800000,109,0.5,36,800000,93,0.75,36,800000,93,0.9,36,800000,78,0.95,36,800000,78,0.997,
37,800000,156,0,37,800000,125,0.25,37,800000,109,0.5,37,800000,94,0.75,37,800000,94,0.9,37,800000,78,0.95,37,800000,93,0.997,
38,800000,140,0,38,800000,125,0.25,38,800000,125,0.5,38,800000,94,0.75,38,800000,78,0.9,38,800000,93,0.95,38,800000,78,0.997,
39,800000,140,0,39,800000,140,0.25,39,800000,110,0.5,39,800000,94,0.75,39,800000,78,0.9,39,800000,78,0.95,39,800000,78,0.997,
40,800000,141,0,40,800000,125,0.25,40,800000,109,0.5,40,800000,93,0.75,40,800000,78,0.9,40,800000,78,0.95,40,800000,78,0.997,
41,800000,140,0,41,800000,125,0.25,41,800000,124,0.5,41,800000,109,0.75,41,800000,78,0.9,41,800000,94,0.95,41,800000,78,0.997,
42,800000,141,0,42,800000,124,0.25,42,800000,109,0.5,42,800000,94,0.75,42,800000,94,0.9,42,800000,94,0.95,42,800000,78,0.997,
43,800000,141,0,43,800000,125,0.25,43,800000,109,0.5,43,800000,93,0.75,43,800000,78,0.9,43,800000,78,0.95,43,800000,78,0.997,
44,800000,140,0,44,800000,125,0.25,44,800000,109,0.5,44,800000,94,0.75,44,800000,78,0.9,44,800000,78,0.95,44,800000,93,0.997,
45,800000,140,0,45,800000,125,0.25,45,800000,109,0.5,45,800000,93,0.75,45,800000,93,0.9,45,800000,78,0.95,45,800000,78,0.997,
46,800000,140,0,46,800000,124,0.25,46,800000,110,0.5,46,800000,94,0.75,46,800000,78,0.9,46,800000,78,0.95,46,800000,78,0.997,
47,800000,141,0,47,800000,125,0.25,47,800000,109,0.5,47,800000,93,0.75,47,800000,93,0.9,47,800000,93,0.95,47,800000,78,0.997,
48,800000,156,0,48,800000,125,0.25,48,800000,109,0.5,48,800000,93,0.75,48,800000,78,0.9,48,800000,94,0.95,48,800000,78,0.997,
49,800000,141,0,49,800000,124,0.25,49,800000,109,0.5,49,800000,94,0.75,49,800000,94,0.9,49,800000,78,0.95,49,800000,93,0.997,
50,800000,140,0,50,800000,125,0.25,50,800000,110,0.5,50,800000,94,0.75,50,800000,94,0.9,50,800000,78,0.95,50,800000,78,0.997,
51,800000,156,0,51,800000,125,0.25,51,800000,109,0.5,51,800000,93,0.75,51,800000,93,0.9,51,800000,94,0.95,51,800000,78,0.997,
52,800000,140,0,52,800000,125,0.25,52,800000,110,0.5,52,800000,94,0.75,52,800000,94,0.9,52,800000,94,0.95,52,800000,78,0.997,
53,800000,140,0,53,800000,140,0.25,53,800000,109,0.5,53,800000,109,0.75,53,800000,78,0.9,53,800000,93,0.95,53,800000,78,0.997,
54,800000,140,0,54,800000,125,0.25,54,800000,109,0.5,54,800000,93,0.75,54,800000,93,0.9,54,800000,78,0.95,54,800000,78,0.997,
55,800000,141,0,55,800000,124,0.25,55,800000,110,0.5,55,800000,110,0.75,55,800000,78,0.9,55,800000,78,0.95,55,800000,78,0.997,
56,800000,141,0,56,800000,124,0.25,56,800000,109,0.5,56,800000,94,0.75,56,800000,94,0.9,56,800000,78,0.95,56,800000,78,0.997,
57,800000,140,0,57,800000,125,0.25,57,800000,125,0.5,57,800000,94,0.75,57,800000,94,0.9,57,800000,94,0.95,57,800000,78,0.997,
58,800000,140,0,58,800000,125,0.25,58,800000,109,0.5,58,800000,93,0.75,58,800000,93,0.9,58,800000,93,0.95,58,800000,78,0.997,
59,800000,140,0,59,800000,141,0.25,59,800000,109,0.5,59,800000,93,0.75,59,800000,93,0.9,59,800000,78,0.95,59,800000,78,0.997,
60,800000,141,0,60,800000,124,0.25,60,800000,109,0.5,60,800000,94,0.75,60,800000,94,0.9,60,800000,94,0.95,60,800000,78,0.997,
61,800000,141,0,61,800000,125,0.25,61,800000,109,0.5,61,800000,93,0.75,61,800000,78,0.9,61,800000,78,0.95,61,800000,94,0.997,
62,800000,140,0,62,800000,125,0.25,62,800000,109,0.5,62,800000,94,0.75,62,800000,94,0.9,62,800000,94,0.95,62,800000,78,0.997,
63,800000,141,0,63,800000,125,0.25,63,800000,109,0.5,63,800000,94,0.75,63,800000,78,0.9,63,800000,78,0.95,63,800000,93,0.997,
64,800000,140,0,64,800000,125,0.25,64,800000,110,0.5,64,800000,94,0.75,64,800000,94,0.9,64,800000,94,0.95,64,800000,78,0.997,
65,800000,156,0,65,800000,125,0.25,65,800000,125,0.5,65,800000,93,0.75,65,800000,93,0.9,65,800000,93,0.95,65,800000,78,0.997,
66,800000,140,0,66,800000,125,0.25,66,800000,109,0.5,66,800000,93,0.75,66,800000,78,0.9,66,800000,78,0.95,66,800000,94,0.997,
67,800000,141,0,67,800000,124,0.25,67,800000,109,0.5,67,800000,94,0.75,67,800000,78,0.9,67,800000,78,0.95,67,800000,78,0.997,
68,800000,140,0,68,800000,125,0.25,68,800000,110,0.5,68,800000,94,0.75,68,800000,94,0.9,68,800000,78,0.95,68,800000,78,0.997,
69,800000,156,0,69,800000,125,0.25,69,800000,109,0.5,69,800000,109,0.75,69,800000,94,0.9,69,800000,94,0.95,69,800000,78,0.997,
70,800000,140,0,70,800000,125,0.25,70,800000,109,0.5,70,800000,94,0.75,70,800000,94,0.9,70,800000,78,0.95,70,800000,78,0.997,
71,800000,140,0,71,800000,125,0.25,71,800000,125,0.5,71,800000,93,0.75,71,800000,93,0.9,71,800000,93,0.95,71,800000,78,0.997,
72,800000,140,0,72,800000,125,0.25,72,800000,110,0.5,72,800000,94,0.75,72,800000,94,0.9,72,800000,94,0.95,72,800000,78,0.997,
73,800000,140,0,73,800000,125,0.25,73,800000,109,0.5,73,800000,94,0.75,73,800000,94,0.9,73,800000,78,0.95,73,800000,93,0.997,
74,800000,140,0,74,800000,125,0.25,74,800000,109,0.5,74,800000,93,0.75,74,800000,93,0.9,74,800000,93,0.95,74,800000,78,0.997,
75,800000,140,0,75,800000,140,0.25,75,800000,110,0.5,75,800000,94,0.75,75,800000,94,0.9,75,800000,78,0.95,75,800000,78,0.997,
76,800000,140,0,76,800000,125,0.25,76,800000,109,0.5,76,800000,94,0.75,76,800000,94,0.9,76,800000,94,0.95,76,800000,78,0.997,
77,800000,141,0,77,800000,140,0.25,77,800000,109,0.5,77,800000,94,0.75,77,800000,94,0.9,77,800000,78,0.95,77,800000,78,0.997,
78,800000,140,0,78,800000,125,0.25,78,800000,125,0.5,78,800000,109,0.75,78,800000,78,0.9,78,800000,78,0.95,78,800000,78,0.997,
79,800000,140,0,79,800000,125,0.25,79,800000,110,0.5,79,800000,94,0.75,79,800000,78,0.9,79,800000,78,0.95,79,800000,78,0.997,
80,800000,141,0,80,800000,125,0.25,80,800000,109,0.5,80,800000,93,0.75,80,800000,78,0.9,80,800000,78,0.95,80,800000,94,0.997,
81,800000,140,0,81,800000,125,0.25,81,800000,109,0.5,81,800000,94,0.75,81,800000,94,0.9,81,800000,94,0.95,81,800000,78,0.997,
82,800000,141,0,82,800000,140,0.25,82,800000,109,0.5,82,800000,94,0.75,82,800000,94,0.9,82,800000,78,0.95,82,800000,93,0.997,
83,800000,140,0,83,800000,125,0.25,83,800000,110,0.5,83,800000,109,0.75,83,800000,94,0.9,83,800000,94,0.95,83,800000,78,0.997,
84,800000,140,0,84,800000,125,0.25,84,800000,109,0.5,84,800000,94,0.75,84,800000,94,0.9,84,800000,94,0.95,84,800000,78,0.997,
85,800000,141,0,85,800000,125,0.25,85,800000,109,0.5,85,800000,94,0.75,85,800000,94,0.9,85,800000,78,0.95,85,800000,93,0.997,
86,800000,140,0,86,800000,125,0.25,86,800000,109,0.5,86,800000,94,0.75,86,800000,78,0.9,86,800000,94,0.95,86,800000,78,0.997,
87,800000,140,0,87,800000,125,0.25,87,800000,109,0.5,87,800000,94,0.75,87,800000,94,0.9,87,800000,94,0.95,87,800000,78,0.997,
88,800000,141,0,88,800000,140,0.25,88,800000,109,0.5,88,800000,94,0.75,88,800000,78,0.9,88,800000,78,0.95,88,800000,93,0.997,
89,800000,140,0,89,800000,125,0.25,89,800000,110,0.5,89,800000,94,0.75,89,800000,94,0.9,89,800000,78,0.95,89,800000,78,0.997,
90,800000,141,0,90,800000,125,0.25,90,800000,109,0.5,90,800000,109,0.75,90,800000,78,0.9,90,800000,78,0.95,90,800000,78,0.997,
91,800000,140,0,91,800000,125,0.25,91,800000,109,0.5,91,800000,93,0.75,91,800000,93,0.9,91,800000,93,0.95,91,800000,78,0.997,
92,800000,140,0,92,800000,124,0.25,92,800000,110,0.5,92,800000,94,0.75,92,800000,94,0.9,92,800000,78,0.95,92,800000,78,0.997,
93,800000,125,0,93,800000,125,0.25,93,800000,109,0.5,93,800000,94,0.75,93,800000,94,0.9,93,800000,78,0.95,93,800000,78,0.997,
94,800000,140,0,94,800000,125,0.25,94,800000,109,0.5,94,800000,94,0.75,94,800000,78,0.9,94,800000,78,0.95,94,800000,78,0.997,
95,800000,141,0,95,800000,125,0.25,95,800000,109,0.5,95,800000,93,0.75,95,800000,93,0.9,95,800000,93,0.95,95,800000,78,0.997,
96,800000,140,0,96,800000,125,0.25,96,800000,109,0.5,96,800000,93,0.75,96,800000,78,0.9,96,800000,78,0.95,96,800000,78,0.997,
97,800000,156,0,97,800000,124,0.25,97,800000,125,0.5,97,800000,110,0.75,97,800000,78,0.9,97,800000,78,0.95,97,800000,78,0.997,
98,800000,141,0,98,800000,141,0.25,98,800000,109,0.5,98,800000,93,0.75,98,800000,93,0.9,98,800000,79,0.95,98,800000,78,0.997,
99,800000,141,0,99,800000,125,0.25,99,800000,125,0.5,99,800000,109,0.75,99,800000,78,0.9,99,800000,78,0.95,99,800000,94,0.997,
0,1000000,187,0,0,1000000,156,0.25,0,1000000,141,0.5,0,1000000,125,0.75,0,1000000,109,0.9,0,1000000,109,0.95,0,1000000,109,0.997,
1,1000000,172,0,1,1000000,156,0.25,1,1000000,141,0.5,1,1000000,140,0.75,1,1000000,109,0.9,1,1000000,109,0.95,1,1000000,110,0.997,
2,1000000,171,0,2,1000000,156,0.25,2,1000000,140,0.5,2,1000000,125,0.75,2,1000000,110,0.9,2,1000000,109,0.95,2,1000000,109,0.997,
3,1000000,187,0,3,1000000,156,0.25,3,1000000,141,0.5,3,1000000,125,0.75,3,1000000,109,0.9,3,1000000,94,0.95,3,1000000,94,0.997,
4,1000000,172,0,4,1000000,156,0.25,4,1000000,141,0.5,4,1000000,124,0.75,4,1000000,109,0.9,4,1000000,109,0.95,4,1000000,94,0.997,
5,1000000,171,0,5,1000000,156,0.25,5,1000000,140,0.5,5,1000000,125,0.75,5,1000000,110,0.9,5,1000000,109,0.95,5,1000000,93,0.997,
6,1000000,171,0,6,1000000,171,0.25,6,1000000,141,0.5,6,1000000,109,0.75,6,1000000,109,0.9,6,1000000,109,0.95,6,1000000,109,0.997,
7,1000000,188,0,7,1000000,156,0.25,7,1000000,141,0.5,7,1000000,124,0.75,7,1000000,109,0.9,7,1000000,109,0.95,7,1000000,94,0.997,
8,1000000,171,0,8,1000000,156,0.25,8,1000000,140,0.5,8,1000000,125,0.75,8,1000000,110,0.9,8,1000000,109,0.95,8,1000000,109,0.997,
9,1000000,171,0,9,1000000,171,0.25,9,1000000,141,0.5,9,1000000,125,0.75,9,1000000,109,0.9,9,1000000,109,0.95,9,1000000,93,0.997,
10,1000000,172,0,10,1000000,156,0.25,10,1000000,140,0.5,10,1000000,125,0.75,10,1000000,109,0.9,10,1000000,110,0.95,10,1000000,94,0.997,
11,1000000,172,0,11,1000000,156,0.25,11,1000000,141,0.5,11,1000000,125,0.75,11,1000000,109,0.9,11,1000000,109,0.95,11,1000000,109,0.997,
12,1000000,172,0,12,1000000,172,0.25,12,1000000,141,0.5,12,1000000,124,0.75,12,1000000,109,0.9,12,1000000,109,0.95,12,1000000,94,0.997,
13,1000000,171,0,13,1000000,171,0.25,13,1000000,140,0.5,13,1000000,125,0.75,13,1000000,110,0.9,13,1000000,109,0.95,13,1000000,93,0.997,
14,1000000,171,0,14,1000000,156,0.25,14,1000000,140,0.5,14,1000000,125,0.75,14,1000000,109,0.9,14,1000000,109,0.95,14,1000000,109,0.997,
15,1000000,172,0,15,1000000,156,0.25,15,1000000,141,0.5,15,1000000,125,0.75,15,1000000,109,0.9,15,1000000,94,0.95,15,1000000,110,0.997,
16,1000000,188,0,16,1000000,156,0.25,16,1000000,141,0.5,16,1000000,124,0.75,16,1000000,109,0.9,16,1000000,109,0.95,16,1000000,110,0.997,
17,1000000,187,0,17,1000000,156,0.25,17,1000000,140,0.5,17,1000000,125,0.75,17,1000000,109,0.9,17,1000000,109,0.95,17,1000000,109,0.997,
18,1000000,187,0,18,1000000,156,0.25,18,1000000,140,0.5,18,1000000,124,0.75,18,1000000,109,0.9,18,1000000,109,0.95,18,1000000,109,0.997,
19,1000000,187,0,19,1000000,156,0.25,19,1000000,140,0.5,19,1000000,125,0.75,19,1000000,125,0.9,19,1000000,109,0.95,19,1000000,94,0.997,
20,1000000,171,0,20,1000000,156,0.25,20,1000000,140,0.5,20,1000000,125,0.75,20,1000000,125,0.9,20,1000000,109,0.95,20,1000000,93,0.997,
21,1000000,171,0,21,1000000,156,0.25,21,1000000,140,0.5,21,1000000,125,0.75,21,1000000,109,0.9,21,1000000,109,0.95,21,1000000,109,0.997,
22,1000000,172,0,22,1000000,172,0.25,22,1000000,141,0.5,22,1000000,125,0.75,22,1000000,109,0.9,22,1000000,110,0.95,22,1000000,110,0.997,
23,1000000,172,0,23,1000000,156,0.25,23,1000000,140,0.5,23,1000000,110,0.75,23,1000000,125,0.9,23,1000000,109,0.95,23,1000000,109,0.997,
24,1000000,187,0,24,1000000,156,0.25,24,1000000,140,0.5,24,1000000,125,0.75,24,1000000,109,0.9,24,1000000,109,0.95,24,1000000,109,0.997,
25,1000000,187,0,25,1000000,156,0.25,25,1000000,140,0.5,25,1000000,109,0.75,25,1000000,110,0.9,25,1000000,109,0.95,25,1000000,109,0.997,
26,1000000,171,0,26,1000000,171,0.25,26,1000000,156,0.5,26,1000000,125,0.75,26,1000000,109,0.9,26,1000000,109,0.95,26,1000000,93,0.997,
27,1000000,172,0,27,1000000,156,0.25,27,1000000,140,0.5,27,1000000,125,0.75,27,1000000,109,0.9,27,1000000,110,0.95,27,1000000,94,0.997,
28,1000000,172,0,28,1000000,156,0.25,28,1000000,156,0.5,28,1000000,125,0.75,28,1000000,109,0.9,28,1000000,109,0.95,28,1000000,109,0.997,
29,1000000,172,0,29,1000000,172,0.25,29,1000000,141,0.5,29,1000000,124,0.75,29,1000000,109,0.9,29,1000000,109,0.95,29,1000000,94,0.997,
30,1000000,171,0,30,1000000,156,0.25,30,1000000,140,0.5,30,1000000,125,0.75,30,1000000,110,0.9,30,1000000,109,0.95,30,1000000,93,0.997,
31,1000000,171,0,31,1000000,156,0.25,31,1000000,140,0.5,31,1000000,125,0.75,31,1000000,109,0.9,31,1000000,109,0.95,31,1000000,109,0.997,
32,1000000,172,0,32,1000000,172,0.25,32,1000000,141,0.5,32,1000000,125,0.75,32,1000000,109,0.9,32,1000000,110,0.95,32,1000000,109,0.997,
33,1000000,172,0,33,1000000,156,0.25,33,1000000,141,0.5,33,1000000,125,0.75,33,1000000,109,0.9,33,1000000,110,0.95,33,1000000,94,0.997,
34,1000000,172,0,34,1000000,172,0.25,34,1000000,141,0.5,34,1000000,125,0.75,34,1000000,109,0.9,34,1000000,109,0.95,34,1000000,94,0.997,
35,1000000,172,0,35,1000000,156,0.25,35,1000000,141,0.5,35,1000000,124,0.75,35,1000000,125,0.9,35,1000000,109,0.95,35,1000000,110,0.997,
36,1000000,187,0,36,1000000,156,0.25,36,1000000,140,0.5,36,1000000,125,0.75,36,1000000,125,0.9,36,1000000,109,0.95,36,1000000,93,0.997,
37,1000000,171,0,37,1000000,156,0.25,37,1000000,140,0.5,37,1000000,125,0.75,37,1000000,109,0.9,37,1000000,109,0.95,37,1000000,93,0.997,
38,1000000,172,0,38,1000000,156,0.25,38,1000000,140,0.5,38,1000000,125,0.75,38,1000000,109,0.9,38,1000000,110,0.95,38,1000000,94,0.997,
39,1000000,172,0,39,1000000,156,0.25,39,1000000,141,0.5,39,1000000,125,0.75,39,1000000,109,0.9,39,1000000,109,0.95,39,1000000,109,0.997,
40,1000000,187,0,40,1000000,156,0.25,40,1000000,156,0.5,40,1000000,125,0.75,40,1000000,109,0.9,40,1000000,109,0.95,40,1000000,94,0.997,
41,1000000,172,0,41,1000000,156,0.25,41,1000000,141,0.5,41,1000000,124,0.75,41,1000000,125,0.9,41,1000000,109,0.95,41,1000000,110,0.997,
42,1000000,187,0,42,1000000,156,0.25,42,1000000,140,0.5,42,1000000,110,0.75,42,1000000,109,0.9,42,1000000,109,0.95,42,1000000,109,0.997,
43,1000000,187,0,43,1000000,156,0.25,43,1000000,140,0.5,43,1000000,125,0.75,43,1000000,124,0.9,43,1000000,109,0.95,43,1000000,109,0.997,
44,1000000,187,0,44,1000000,156,0.25,44,1000000,140,0.5,44,1000000,125,0.75,44,1000000,109,0.9,44,1000000,110,0.95,44,1000000,94,0.997,
45,1000000,172,0,45,1000000,156,0.25,45,1000000,141,0.5,45,1000000,125,0.75,45,1000000,109,0.9,45,1000000,109,0.95,45,1000000,109,0.997,
46,1000000,172,0,46,1000000,156,0.25,46,1000000,141,0.5,46,1000000,124,0.75,46,1000000,109,0.9,46,1000000,109,0.95,46,1000000,94,0.997,
47,1000000,171,0,47,1000000,171,0.25,47,1000000,140,0.5,47,1000000,125,0.75,47,1000000,110,0.9,47,1000000,109,0.95,47,1000000,109,0.997,
48,1000000,171,0,48,1000000,171,0.25,48,1000000,141,0.5,48,1000000,125,0.75,48,1000000,109,0.9,48,1000000,109,0.95,48,1000000,93,0.997,
49,1000000,172,0,49,1000000,156,0.25,49,1000000,140,0.5,49,1000000,125,0.75,49,1000000,109,0.9,49,1000000,110,0.95,49,1000000,109,0.997,
50,1000000,172,0,50,1000000,156,0.25,50,1000000,140,0.5,50,1000000,125,0.75,50,1000000,125,0.9,50,1000000,110,0.95,50,1000000,109,0.997,
51,1000000,172,0,51,1000000,156,0.25,51,1000000,141,0.5,51,1000000,125,0.75,51,1000000,125,0.9,51,1000000,109,0.95,51,1000000,94,0.997,
52,1000000,172,0,52,1000000,156,0.25,52,1000000,141,0.5,52,1000000,124,0.75,52,1000000,109,0.9,52,1000000,109,0.95,52,1000000,109,0.997,
53,1000000,187,0,53,1000000,156,0.25,53,1000000,140,0.5,53,1000000,125,0.75,53,1000000,110,0.9,53,1000000,94,0.95,53,1000000,109,0.997,
54,1000000,187,0,54,1000000,156,0.25,54,1000000,141,0.5,54,1000000,125,0.75,54,1000000,109,0.9,54,1000000,109,0.95,54,1000000,94,0.997,
55,1000000,172,0,55,1000000,172,0.25,55,1000000,156,0.5,55,1000000,124,0.75,55,1000000,109,0.9,55,1000000,109,0.95,55,1000000,94,0.997,
56,1000000,171,0,56,1000000,156,0.25,56,1000000,156,0.5,56,1000000,125,0.75,56,1000000,110,0.9,56,1000000,109,0.95,56,1000000,109,0.997,
57,1000000,171,0,57,1000000,156,0.25,57,1000000,140,0.5,57,1000000,125,0.75,57,1000000,109,0.9,57,1000000,109,0.95,57,1000000,93,0.997,
58,1000000,172,0,58,1000000,156,0.25,58,1000000,140,0.5,58,1000000,125,0.75,58,1000000,125,0.9,58,1000000,110,0.95,58,1000000,94,0.997,
59,1000000,172,0,59,1000000,156,0.25,59,1000000,140,0.5,59,1000000,110,0.75,59,1000000,109,0.9,59,1000000,109,0.95,59,1000000,109,0.997,
60,1000000,172,0,60,1000000,172,0.25,60,1000000,141,0.5,60,1000000,124,0.75,60,1000000,109,0.9,60,1000000,109,0.95,60,1000000,94,0.997,
61,1000000,171,0,61,1000000,156,0.25,61,1000000,140,0.5,61,1000000,125,0.75,61,1000000,110,0.9,61,1000000,110,0.95,61,1000000,109,0.997,
62,1000000,187,0,62,1000000,156,0.25,62,1000000,141,0.5,62,1000000,125,0.75,62,1000000,109,0.9,62,1000000,109,0.95,62,1000000,109,0.997,
63,1000000,188,0,63,1000000,156,0.25,63,1000000,141,0.5,63,1000000,109,0.75,63,1000000,109,0.9,63,1000000,110,0.95,63,1000000,110,0.997,
64,1000000,172,0,64,1000000,156,0.25,64,1000000,140,0.5,64,1000000,110,0.75,64,1000000,109,0.9,64,1000000,109,0.95,64,1000000,109,0.997,
65,1000000,187,0,65,1000000,156,0.25,65,1000000,140,0.5,65,1000000,125,0.75,65,1000000,109,0.9,65,1000000,109,0.95,65,1000000,109,0.997,
66,1000000,187,0,66,1000000,156,0.25,66,1000000,140,0.5,66,1000000,125,0.75,66,1000000,125,0.9,66,1000000,110,0.95,66,1000000,109,0.997,
67,1000000,187,0,67,1000000,156,0.25,67,1000000,140,0.5,67,1000000,125,0.75,67,1000000,109,0.9,67,1000000,110,0.95,67,1000000,94,0.997,
68,1000000,172,0,68,1000000,172,0.25,68,1000000,140,0.5,68,1000000,125,0.75,68,1000000,109,0.9,68,1000000,109,0.95,68,1000000,109,0.997,
69,1000000,172,0,69,1000000,172,0.25,69,1000000,140,0.5,69,1000000,124,0.75,69,1000000,109,0.9,69,1000000,109,0.95,69,1000000,94,0.997,
70,1000000,171,0,70,1000000,156,0.25,70,1000000,140,0.5,70,1000000,125,0.75,70,1000000,110,0.9,70,1000000,109,0.95,70,1000000,109,0.997,
71,1000000,171,0,71,1000000,156,0.25,71,1000000,141,0.5,71,1000000,125,0.75,71,1000000,109,0.9,71,1000000,109,0.95,71,1000000,109,0.997,
72,1000000,188,0,72,1000000,156,0.25,72,1000000,141,0.5,72,1000000,124,0.75,72,1000000,125,0.9,72,1000000,109,0.95,72,1000000,110,0.997,
73,1000000,187,0,73,1000000,156,0.25,73,1000000,140,0.5,73,1000000,125,0.75,73,1000000,110,0.9,73,1000000,109,0.95,73,1000000,109,0.997,
74,1000000,171,0,74,1000000,171,0.25,74,1000000,156,0.5,74,1000000,125,0.75,74,1000000,109,0.9,74,1000000,109,0.95,74,1000000,109,0.997,
75,1000000,188,0,75,1000000,156,0.25,75,1000000,141,0.5,75,1000000,124,0.75,75,1000000,109,0.9,75,1000000,94,0.95,75,1000000,110,0.997,
76,1000000,172,0,76,1000000,156,0.25,76,1000000,140,0.5,76,1000000,125,0.75,76,1000000,109,0.9,76,1000000,109,0.95,76,1000000,93,0.997,
77,1000000,171,0,77,1000000,156,0.25,77,1000000,140,0.5,77,1000000,125,0.75,77,1000000,109,0.9,77,1000000,109,0.95,77,1000000,93,0.997,
78,1000000,172,0,78,1000000,156,0.25,78,1000000,140,0.5,78,1000000,125,0.75,78,1000000,109,0.9,78,1000000,110,0.95,78,1000000,94,0.997,
79,1000000,172,0,79,1000000,156,0.25,79,1000000,140,0.5,79,1000000,125,0.75,79,1000000,109,0.9,79,1000000,109,0.95,79,1000000,109,0.997,
80,1000000,172,0,80,1000000,172,0.25,80,1000000,156,0.5,80,1000000,124,0.75,80,1000000,109,0.9,80,1000000,109,0.95,80,1000000,109,0.997,
81,1000000,187,0,81,1000000,156,0.25,81,1000000,140,0.5,81,1000000,125,0.75,81,1000000,125,0.9,81,1000000,110,0.95,81,1000000,109,0.997,
82,1000000,187,0,82,1000000,156,0.25,82,1000000,141,0.5,82,1000000,125,0.75,82,1000000,125,0.9,82,1000000,109,0.95,82,1000000,109,0.997,
83,1000000,188,0,83,1000000,156,0.25,83,1000000,141,0.5,83,1000000,124,0.75,83,1000000,125,0.9,83,1000000,109,0.95,83,1000000,94,0.997,
84,1000000,172,0,84,1000000,156,0.25,84,1000000,141,0.5,84,1000000,124,0.75,84,1000000,109,0.9,84,1000000,109,0.95,84,1000000,94,0.997,
85,1000000,171,0,85,1000000,156,0.25,85,1000000,140,0.5,85,1000000,125,0.75,85,1000000,109,0.9,85,1000000,109,0.95,85,1000000,109,0.997,
86,1000000,187,0,86,1000000,156,0.25,86,1000000,140,0.5,86,1000000,109,0.75,86,1000000,109,0.9,86,1000000,109,0.95,86,1000000,109,0.997,
87,1000000,171,0,87,1000000,156,0.25,87,1000000,140,0.5,87,1000000,125,0.75,87,1000000,110,0.9,87,1000000,110,0.95,87,1000000,109,0.997,
88,1000000,187,0,88,1000000,156,0.25,88,1000000,141,0.5,88,1000000,125,0.75,88,1000000,125,0.9,88,1000000,109,0.95,88,1000000,109,0.997,
89,1000000,188,0,89,1000000,156,0.25,89,1000000,141,0.5,89,1000000,124,0.75,89,1000000,125,0.9,89,1000000,109,0.95,89,1000000,110,0.997,
90,1000000,171,0,90,1000000,171,0.25,90,1000000,156,0.5,90,1000000,125,0.75,90,1000000,110,0.9,90,1000000,109,0.95,90,1000000,93,0.997,
91,1000000,171,0,91,1000000,156,0.25,91,1000000,140,0.5,91,1000000,125,0.75,91,1000000,109,0.9,91,1000000,109,0.95,91,1000000,109,0.997,
92,1000000,172,0,92,1000000,156,0.25,92,1000000,141,0.5,92,1000000,124,0.75,92,1000000,109,0.9,92,1000000,109,0.95,92,1000000,94,0.997,
93,1000000,171,0,93,1000000,156,0.25,93,1000000,140,0.5,93,1000000,125,0.75,93,1000000,125,0.9,93,1000000,109,0.95,93,1000000,109,0.997,
94,1000000,187,0,94,1000000,156,0.25,94,1000000,140,0.5,94,1000000,125,0.75,94,1000000,109,0.9,94,1000000,109,0.95,94,1000000,109,0.997,
95,1000000,172,0,95,1000000,156,0.25,95,1000000,140,0.5,95,1000000,125,0.75,95,1000000,109,0.9,95,1000000,110,0.95,95,1000000,94,0.997,
96,1000000,172,0,96,1000000,156,0.25,96,1000000,141,0.5,96,1000000,125,0.75,96,1000000,109,0.9,96,1000000,93,0.95,96,1000000,109,0.997,
97,1000000,172,0,97,1000000,156,0.25,97,1000000,140,0.5,97,1000000,125,0.75,97,1000000,109,0.9,97,1000000,109,0.95,97,1000000,109,0.997,
98,1000000,187,0,98,1000000,156,0.25,98,1000000,140,0.5,98,1000000,125,0.75,98,1000000,110,0.9,98,1000000,110,0.95,98,1000000,109,0.997,
99,1000000,187,0,99,1000000,156,0.25,99,1000000,141,0.5,99,1000000,125,0.75,99,1000000,109,0.9,99,1000000,109,0.95,99,1000000,94,0.997,
0,2000000,374,0,0,2000000,327,0.25,0,2000000,296,0.5,0,2000000,250,0.75,0,2000000,234,0.9,0,2000000,219,0.95,0,2000000,219,0.997,
1,2000000,358,0,1,2000000,328,0.25,1,2000000,297,0.5,1,2000000,249,0.75,1,2000000,234,0.9,1,2000000,218,0.95,1,2000000,218,0.997,
2,2000000,359,0,2,2000000,344,0.25,2,2000000,281,0.5,2,2000000,265,0.75,2,2000000,234,0.9,2,2000000,218,0.95,2,2000000,218,0.997,
3,2000000,359,0,3,2000000,343,0.25,3,2000000,281,0.5,3,2000000,265,0.75,3,2000000,234,0.9,3,2000000,234,0.95,3,2000000,202,0.997,
4,2000000,375,0,4,2000000,328,0.25,4,2000000,297,0.5,4,2000000,249,0.75,4,2000000,234,0.9,4,2000000,218,0.95,4,2000000,218,0.997,
5,2000000,359,0,5,2000000,328,0.25,5,2000000,281,0.5,5,2000000,265,0.75,5,2000000,234,0.9,5,2000000,234,0.95,5,2000000,202,0.997,
6,2000000,375,0,6,2000000,328,0.25,6,2000000,297,0.5,6,2000000,249,0.75,6,2000000,234,0.9,6,2000000,218,0.95,6,2000000,218,0.997,
7,2000000,375,0,7,2000000,327,0.25,7,2000000,296,0.5,7,2000000,250,0.75,7,2000000,234,0.9,7,2000000,218,0.95,7,2000000,218,0.997,
8,2000000,359,0,8,2000000,327,0.25,8,2000000,296,0.5,8,2000000,250,0.75,8,2000000,234,0.9,8,2000000,219,0.95,8,2000000,219,0.997,
9,2000000,358,0,9,2000000,343,0.25,9,2000000,281,0.5,9,2000000,265,0.75,9,2000000,234,0.9,9,2000000,218,0.95,9,2000000,218,0.997,
10,2000000,359,0,10,2000000,328,0.25,10,2000000,296,0.5,10,2000000,250,0.75,10,2000000,234,0.9,10,2000000,219,0.95,10,2000000,219,0.997,
11,2000000,374,0,11,2000000,328,0.25,11,2000000,297,0.5,11,2000000,249,0.75,11,2000000,234,0.9,11,2000000,218,0.95,11,2000000,218,0.997,
12,2000000,359,0,12,2000000,328,0.25,12,2000000,281,0.5,12,2000000,265,0.75,12,2000000,234,0.9,12,2000000,218,0.95,12,2000000,218,0.997,
13,2000000,359,0,13,2000000,328,0.25,13,2000000,281,0.5,13,2000000,265,0.75,13,2000000,234,0.9,13,2000000,218,0.95,13,2000000,218,0.997,
14,2000000,359,0,14,2000000,328,0.25,14,2000000,281,0.5,14,2000000,265,0.75,14,2000000,234,0.9,14,2000000,219,0.95,14,2000000,219,0.997,
15,2000000,359,0,15,2000000,343,0.25,15,2000000,280,0.5,15,2000000,266,0.75,15,2000000,218,0.9,15,2000000,234,0.95,15,2000000,203,0.997,
16,2000000,374,0,16,2000000,327,0.25,16,2000000,296,0.5,16,2000000,250,0.75,16,2000000,234,0.9,16,2000000,234,0.95,16,2000000,219,0.997,
17,2000000,374,0,17,2000000,328,0.25,17,2000000,297,0.5,17,2000000,249,0.75,17,2000000,234,0.9,17,2000000,218,0.95,17,2000000,218,0.997,
18,2000000,359,0,18,2000000,328,0.25,18,2000000,297,0.5,18,2000000,249,0.75,18,2000000,234,0.9,18,2000000,218,0.95,18,2000000,218,0.997,
19,2000000,359,0,19,2000000,327,0.25,19,2000000,296,0.5,19,2000000,250,0.75,19,2000000,234,0.9,19,2000000,218,0.95,19,2000000,218,0.997,
20,2000000,359,0,20,2000000,328,0.25,20,2000000,281,0.5,20,2000000,249,0.75,20,2000000,234,0.9,20,2000000,234,0.95,20,2000000,219,0.997,
21,2000000,374,0,21,2000000,328,0.25,21,2000000,297,0.5,21,2000000,249,0.75,21,2000000,234,0.9,21,2000000,218,0.95,21,2000000,218,0.997,
22,2000000,359,0,22,2000000,328,0.25,22,2000000,297,0.5,22,2000000,249,0.75,22,2000000,234,0.9,22,2000000,234,0.95,22,2000000,219,0.997,
23,2000000,374,0,23,2000000,328,0.25,23,2000000,297,0.5,23,2000000,249,0.75,23,2000000,234,0.9,23,2000000,218,0.95,23,2000000,218,0.997,
24,2000000,359,0,24,2000000,344,0.25,24,2000000,281,0.5,24,2000000,265,0.75,24,2000000,234,0.9,24,2000000,219,0.95,24,2000000,219,0.997,
25,2000000,375,0,25,2000000,328,0.25,25,2000000,297,0.5,25,2000000,249,0.75,25,2000000,234,0.9,25,2000000,234,0.95,25,2000000,218,0.997,
26,2000000,375,0,26,2000000,327,0.25,26,2000000,296,0.5,26,2000000,250,0.75,26,2000000,234,0.9,26,2000000,218,0.95,26,2000000,218,0.997,
27,2000000,359,0,27,2000000,327,0.25,27,2000000,296,0.5,27,2000000,250,0.75,27,2000000,234,0.9,27,2000000,219,0.95,27,2000000,219,0.997,
28,2000000,359,0,28,2000000,327,0.25,28,2000000,296,0.5,28,2000000,250,0.75,28,2000000,218,0.9,28,2000000,218,0.95,28,2000000,218,0.997,
29,2000000,374,0,29,2000000,327,0.25,29,2000000,296,0.5,29,2000000,250,0.75,29,2000000,234,0.9,29,2000000,219,0.95,29,2000000,219,0.997,
30,2000000,374,0,30,2000000,328,0.25,30,2000000,281,0.5,30,2000000,250,0.75,30,2000000,234,0.9,30,2000000,234,0.95,30,2000000,218,0.997,
31,2000000,375,0,31,2000000,327,0.25,31,2000000,312,0.5,31,2000000,249,0.75,31,2000000,219,0.9,31,2000000,234,0.95,31,2000000,219,0.997,
32,2000000,375,0,32,2000000,327,0.25,32,2000000,281,0.5,32,2000000,265,0.75,32,2000000,234,0.9,32,2000000,218,0.95,32,2000000,203,0.997,
33,2000000,374,0,33,2000000,343,0.25,33,2000000,296,0.5,33,2000000,250,0.75,33,2000000,234,0.9,33,2000000,218,0.95,33,2000000,218,0.997,
34,2000000,374,0,34,2000000,328,0.25,34,2000000,296,0.5,34,2000000,250,0.75,34,2000000,234,0.9,34,2000000,234,0.95,34,2000000,218,0.997,
35,2000000,359,0,35,2000000,328,0.25,35,2000000,296,0.5,35,2000000,250,0.75,35,2000000,234,0.9,35,2000000,218,0.95,35,2000000,218,0.997,
36,2000000,359,0,36,2000000,328,0.25,36,2000000,297,0.5,36,2000000,249,0.75,36,2000000,249,0.9,36,2000000,219,0.95,36,2000000,219,0.997,
37,2000000,358,0,37,2000000,327,0.25,37,2000000,296,0.5,37,2000000,249,0.75,37,2000000,234,0.9,37,2000000,234,0.95,37,2000000,219,0.997,
38,2000000,358,0,38,2000000,327,0.25,38,2000000,296,0.5,38,2000000,250,0.75,38,2000000,250,0.9,38,2000000,218,0.95,38,2000000,218,0.997,
39,2000000,359,0,39,2000000,328,0.25,39,2000000,297,0.5,39,2000000,249,0.75,39,2000000,234,0.9,39,2000000,234,0.95,39,2000000,203,0.997,
40,2000000,374,0,40,2000000,343,0.25,40,2000000,296,0.5,40,2000000,250,0.75,40,2000000,234,0.9,40,2000000,234,0.95,40,2000000,218,0.997,
41,2000000,359,0,41,2000000,344,0.25,41,2000000,296,0.5,41,2000000,250,0.75,41,2000000,234,0.9,41,2000000,218,0.95,41,2000000,203,0.997,
42,2000000,359,0,42,2000000,328,0.25,42,2000000,296,0.5,42,2000000,266,0.75,42,2000000,234,0.9,42,2000000,218,0.95,42,2000000,218,0.997,
43,2000000,375,0,43,2000000,344,0.25,43,2000000,296,0.5,43,2000000,250,0.75,43,2000000,234,0.9,43,2000000,234,0.95,43,2000000,218,0.997,
44,2000000,375,0,44,2000000,328,0.25,44,2000000,297,0.5,44,2000000,249,0.75,44,2000000,234,0.9,44,2000000,234,0.95,44,2000000,219,0.997,
45,2000000,358,0,45,2000000,328,0.25,45,2000000,281,0.5,45,2000000,250,0.75,45,2000000,234,0.9,45,2000000,234,0.95,45,2000000,218,0.997,
46,2000000,359,0,46,2000000,327,0.25,46,2000000,297,0.5,46,2000000,249,0.75,46,2000000,234,0.9,46,2000000,218,0.95,46,2000000,219,0.997,
47,2000000,374,0,47,2000000,343,0.25,47,2000000,280,0.5,47,2000000,250,0.75,47,2000000,234,0.9,47,2000000,218,0.95,47,2000000,218,0.997,
48,2000000,359,0,48,2000000,327,0.25,48,2000000,296,0.5,48,2000000,250,0.75,48,2000000,234,0.9,48,2000000,219,0.95,48,2000000,219,0.997,
49,2000000,359,0,49,2000000,327,0.25,49,2000000,280,0.5,49,2000000,266,0.75,49,2000000,218,0.9,49,2000000,234,0.95,49,2000000,219,0.997,
50,2000000,359,0,50,2000000,328,0.25,50,2000000,296,0.5,50,2000000,250,0.75,50,2000000,234,0.9,50,2000000,219,0.95,50,2000000,219,0.997,
51,2000000,358,0,51,2000000,328,0.25,51,2000000,297,0.5,51,2000000,249,0.75,51,2000000,234,0.9,51,2000000,218,0.95,51,2000000,218,0.997,
52,2000000,359,0,52,2000000,328,0.25,52,2000000,297,0.5,52,2000000,249,0.75,52,2000000,234,0.9,52,2000000,234,0.95,52,2000000,203,0.997,
53,2000000,359,0,53,2000000,328,0.25,53,2000000,281,0.5,53,2000000,265,0.75,53,2000000,234,0.9,53,2000000,218,0.95,53,2000000,218,0.997,
54,2000000,359,0,54,2000000,328,0.25,54,2000000,297,0.5,54,2000000,249,0.75,54,2000000,234,0.9,54,2000000,234,0.95,54,2000000,219,0.997,
55,2000000,374,0,55,2000000,328,0.25,55,2000000,281,0.5,55,2000000,250,0.75,55,2000000,234,0.9,55,2000000,218,0.95,55,2000000,218,0.997,
56,2000000,375,0,56,2000000,328,0.25,56,2000000,297,0.5,56,2000000,265,0.75,56,2000000,234,0.9,56,2000000,218,0.95,56,2000000,218,0.997,
57,2000000,374,0,57,2000000,328,0.25,57,2000000,297,0.5,57,2000000,249,0.75,57,2000000,234,0.9,57,2000000,218,0.95,57,2000000,218,0.997,
58,2000000,359,0,58,2000000,327,0.25,58,2000000,296,0.5,58,2000000,250,0.75,58,2000000,234,0.9,58,2000000,218,0.95,58,2000000,218,0.997,
59,2000000,359,0,59,2000000,328,0.25,59,2000000,281,0.5,59,2000000,250,0.75,59,2000000,234,0.9,59,2000000,219,0.95,59,2000000,219,0.997,
60,2000000,359,0,60,2000000,328,0.25,60,2000000,296,0.5,60,2000000,250,0.75,60,2000000,234,0.9,60,2000000,219,0.95,60,2000000,219,0.997,
61,2000000,358,0,61,2000000,327,0.25,61,2000000,296,0.5,61,2000000,250,0.75,61,2000000,234,0.9,61,2000000,219,0.95,61,2000000,219,0.997,
62,2000000,359,0,62,2000000,359,0.25,62,2000000,281,0.5,62,2000000,265,0.75,62,2000000,234,0.9,62,2000000,234,0.95,62,2000000,218,0.997,
63,2000000,375,0,63,2000000,328,0.25,63,2000000,297,0.5,63,2000000,265,0.75,63,2000000,218,0.9,63,2000000,234,0.95,63,2000000,203,0.997,
64,2000000,375,0,64,2000000,327,0.25,64,2000000,296,0.5,64,2000000,250,0.75,64,2000000,218,0.9,64,2000000,218,0.95,64,2000000,218,0.997,
65,2000000,359,0,65,2000000,327,0.25,65,2000000,296,0.5,65,2000000,250,0.75,65,2000000,234,0.9,65,2000000,219,0.95,65,2000000,219,0.997,
66,2000000,359,0,66,2000000,327,0.25,66,2000000,281,0.5,66,2000000,265,0.75,66,2000000,234,0.9,66,2000000,218,0.95,66,2000000,218,0.997,
67,2000000,359,0,67,2000000,328,0.25,67,2000000,297,0.5,67,2000000,249,0.75,67,2000000,234,0.9,67,2000000,218,0.95,67,2000000,218,0.997,
68,2000000,359,0,68,2000000,327,0.25,68,2000000,296,0.5,68,2000000,250,0.75,68,2000000,234,0.9,68,2000000,219,0.95,68,2000000,219,0.997,
69,2000000,374,0,69,2000000,327,0.25,69,2000000,296,0.5,69,2000000,250,0.75,69,2000000,234,0.9,69,2000000,219,0.95,69,2000000,219,0.997,
70,2000000,359,0,70,2000000,343,0.25,70,2000000,296,0.5,70,2000000,281,0.75,70,2000000,250,0.9,70,2000000,218,0.95,70,2000000,219,0.997,
71,2000000,358,0,71,2000000,327,0.25,71,2000000,296,0.5,71,2000000,265,0.75,71,2000000,234,0.9,71,2000000,218,0.95,71,2000000,219,0.997,
72,2000000,358,0,72,2000000,327,0.25,72,2000000,296,0.5,72,2000000,265,0.75,72,2000000,234,0.9,72,2000000,218,0.95,72,2000000,218,0.997,
73,2000000,375,0,73,2000000,343,0.25,73,2000000,297,0.5,73,2000000,249,0.75,73,2000000,234,0.9,73,2000000,218,0.95,73,2000000,218,0.997,
74,2000000,359,0,74,2000000,343,0.25,74,2000000,297,0.5,74,2000000,265,0.75,74,2000000,234,0.9,74,2000000,219,0.95,74,2000000,218,0.997,
75,2000000,359,0,75,2000000,343,0.25,75,2000000,281,0.5,75,2000000,281,0.75,75,2000000,250,0.9,75,2000000,234,0.95,75,2000000,234,0.997,
76,2000000,375,0,76,2000000,328,0.25,76,2000000,297,0.5,76,2000000,250,0.75,76,2000000,234,0.9,76,2000000,219,0.95,76,2000000,219,0.997,
77,2000000,358,0,77,2000000,327,0.25,77,2000000,296,0.5,77,2000000,281,0.75,77,2000000,266,0.9,77,2000000,343,0.95,77,2000000,312,0.997,
78,2000000,640,0,78,2000000,484,0.25,78,2000000,499,0.5,78,2000000,344,0.75,78,2000000,234,0.9,78,2000000,218,0.95,78,2000000,218,0.997,
79,2000000,374,0,79,2000000,328,0.25,79,2000000,296,0.5,79,2000000,250,0.75,79,2000000,234,0.9,79,2000000,234,0.95,79,2000000,218,0.997,
80,2000000,359,0,80,2000000,343,0.25,80,2000000,297,0.5,80,2000000,249,0.75,80,2000000,234,0.9,80,2000000,218,0.95,80,2000000,218,0.997,
81,2000000,359,0,81,2000000,327,0.25,81,2000000,281,0.5,81,2000000,265,0.75,81,2000000,234,0.9,81,2000000,218,0.95,81,2000000,219,0.997,
82,2000000,390,0,82,2000000,343,0.25,82,2000000,312,0.5,82,2000000,250,0.75,82,2000000,249,0.9,82,2000000,234,0.95,82,2000000,219,0.997,
83,2000000,359,0,83,2000000,327,0.25,83,2000000,296,0.5,83,2000000,265,0.75,83,2000000,234,0.9,83,2000000,234,0.95,83,2000000,218,0.997,
84,2000000,375,0,84,2000000,328,0.25,84,2000000,296,0.5,84,2000000,266,0.75,84,2000000,234,0.9,84,2000000,218,0.95,84,2000000,218,0.997,
85,2000000,375,0,85,2000000,344,0.25,85,2000000,297,0.5,85,2000000,297,0.75,85,2000000,265,0.9,85,2000000,218,0.95,85,2000000,234,0.997,
86,2000000,374,0,86,2000000,327,0.25,86,2000000,296,0.5,86,2000000,249,0.75,86,2000000,234,0.9,86,2000000,219,0.95,86,2000000,218,0.997,
87,2000000,374,0,87,2000000,328,0.25,87,2000000,296,0.5,87,2000000,250,0.75,87,2000000,250,0.9,87,2000000,234,0.95,87,2000000,218,0.997,
88,2000000,375,0,88,2000000,327,0.25,88,2000000,297,0.5,88,2000000,265,0.75,88,2000000,234,0.9,88,2000000,234,0.95,88,2000000,219,0.997,
89,2000000,374,0,89,2000000,327,0.25,89,2000000,312,0.5,89,2000000,249,0.75,89,2000000,234,0.9,89,2000000,234,0.95,89,2000000,202,0.997,
90,2000000,375,0,90,2000000,359,0.25,90,2000000,297,0.5,90,2000000,281,0.75,90,2000000,265,0.9,90,2000000,265,0.95,90,2000000,234,0.997,
91,2000000,405,0,91,2000000,359,0.25,91,2000000,280,0.5,91,2000000,250,0.75,91,2000000,234,0.9,91,2000000,234,0.95,91,2000000,234,0.997,
92,2000000,359,0,92,2000000,327,0.25,92,2000000,296,0.5,92,2000000,265,0.75,92,2000000,234,0.9,92,2000000,234,0.95,92,2000000,219,0.997,
93,2000000,374,0,93,2000000,343,0.25,93,2000000,296,0.5,93,2000000,250,0.75,93,2000000,234,0.9,93,2000000,234,0.95,93,2000000,219,0.997,
94,2000000,374,0,94,2000000,328,0.25,94,2000000,312,0.5,94,2000000,265,0.75,94,2000000,249,0.9,94,2000000,265,0.95,94,2000000,219,0.997,
95,2000000,358,0,95,2000000,343,0.25,95,2000000,296,0.5,95,2000000,265,0.75,95,2000000,234,0.9,95,2000000,219,0.95,95,2000000,234,0.997,
96,2000000,374,0,96,2000000,343,0.25,96,2000000,312,0.5,96,2000000,250,0.75,96,2000000,234,0.9,96,2000000,234,0.95,96,2000000,219,0.997,
97,2000000,374,0,97,2000000,327,0.25,97,2000000,296,0.5,97,2000000,249,0.75,97,2000000,234,0.9,97,2000000,219,0.95,97,2000000,218,0.997,
98,2000000,359,0,98,2000000,359,0.25,98,2000000,296,0.5,98,2000000,265,0.75,98,2000000,234,0.9,98,2000000,234,0.95,98,2000000,203,0.997,
99,2000000,374,0,99,2000000,343,0.25,99,2000000,296,0.5,99,2000000,250,0.75,99,2000000,234,0.9,99,2000000,234,0.95,99,2000000,218,0.997,
0,4000000,780,0,0,4000000,702,0.25,0,4000000,624,0.5,0,4000000,530,0.75,0,4000000,484,0.9,0,4000000,468,0.95,0,4000000,468,0.997,
1,4000000,811,0,1,4000000,702,0.25,1,4000000,609,0.5,1,4000000,515,0.75,1,4000000,499,0.9,1,4000000,468,0.95,1,4000000,468,0.997,
2,4000000,921,0,2,4000000,1014,0.25,2,4000000,952,0.5,2,4000000,546,0.75,2,4000000,515,0.9,2,4000000,546,0.95,2,4000000,546,0.997,
3,4000000,1092,0,3,4000000,702,0.25,3,4000000,609,0.5,3,4000000,530,0.75,3,4000000,484,0.9,3,4000000,468,0.95,3,4000000,452,0.997,
4,4000000,764,0,4,4000000,687,0.25,4,4000000,624,0.5,4,4000000,546,0.75,4,4000000,499,0.9,4,4000000,500,0.95,4,4000000,453,0.997,
5,4000000,780,0,5,4000000,671,0.25,5,4000000,608,0.5,5,4000000,593,0.75,5,4000000,749,0.9,5,4000000,702,0.95,5,4000000,453,0.997,
6,4000000,780,0,6,4000000,702,0.25,6,4000000,624,0.5,6,4000000,531,0.75,6,4000000,515,0.9,6,4000000,484,0.95,6,4000000,468,0.997,
7,4000000,764,0,7,4000000,765,0.25,7,4000000,905,0.5,7,4000000,780,0.75,7,4000000,515,0.9,7,4000000,530,0.95,7,4000000,452,0.997,
8,4000000,764,0,8,4000000,967,0.25,8,4000000,608,0.5,8,4000000,530,0.75,8,4000000,500,0.9,8,4000000,484,0.95,8,4000000,452,0.997,
9,4000000,780,0,9,4000000,686,0.25,9,4000000,624,0.5,9,4000000,546,0.75,9,4000000,483,0.9,9,4000000,484,0.95,9,4000000,452,0.997,
10,4000000,765,0,10,4000000,687,0.25,10,4000000,624,0.5,10,4000000,530,0.75,10,4000000,499,0.9,10,4000000,483,0.95,10,4000000,453,0.997,
11,4000000,749,0,11,4000000,702,0.25,11,4000000,671,0.5,11,4000000,546,0.75,11,4000000,499,0.9,11,4000000,468,0.95,11,4000000,452,0.997,
12,4000000,765,0,12,4000000,718,0.25,12,4000000,608,0.5,12,4000000,546,0.75,12,4000000,484,0.9,12,4000000,483,0.95,12,4000000,468,0.997,
13,4000000,764,0,13,4000000,687,0.25,13,4000000,609,0.5,13,4000000,531,0.75,13,4000000,499,0.9,13,4000000,468,0.95,13,4000000,483,0.997,
14,4000000,827,0,14,4000000,734,0.25,14,4000000,796,0.5,14,4000000,515,0.75,14,4000000,483,0.9,14,4000000,499,0.95,14,4000000,593,0.997,
15,4000000,811,0,15,4000000,702,0.25,15,4000000,624,0.5,15,4000000,546,0.75,15,4000000,484,0.9,15,4000000,468,0.95,15,4000000,453,0.997,
16,4000000,748,0,16,4000000,686,0.25,16,4000000,608,0.5,16,4000000,530,0.75,16,4000000,483,0.9,16,4000000,468,0.95,16,4000000,437,0.997,
17,4000000,748,0,17,4000000,686,0.25,17,4000000,609,0.5,17,4000000,531,0.75,17,4000000,484,0.9,17,4000000,468,0.95,17,4000000,452,0.997,
18,4000000,765,0,18,4000000,687,0.25,18,4000000,593,0.5,18,4000000,531,0.75,18,4000000,499,0.9,18,4000000,468,0.95,18,4000000,452,0.997,
19,4000000,749,0,19,4000000,686,0.25,19,4000000,609,0.5,19,4000000,531,0.75,19,4000000,484,0.9,19,4000000,468,0.95,19,4000000,436,0.997,
20,4000000,749,0,20,4000000,671,0.25,20,4000000,609,0.5,20,4000000,515,0.75,20,4000000,484,0.9,20,4000000,468,0.95,20,4000000,453,0.997,
21,4000000,749,0,21,4000000,671,0.25,21,4000000,608,0.5,21,4000000,531,0.75,21,4000000,468,0.9,21,4000000,468,0.95,21,4000000,453,0.997,
22,4000000,749,0,22,4000000,686,0.25,22,4000000,608,0.5,22,4000000,530,0.75,22,4000000,468,0.9,22,4000000,452,0.95,22,4000000,453,0.997,
23,4000000,749,0,23,4000000,671,0.25,23,4000000,593,0.5,23,4000000,530,0.75,23,4000000,483,0.9,23,4000000,468,0.95,23,4000000,452,0.997,
24,4000000,749,0,24,4000000,671,0.25,24,4000000,609,0.5,24,4000000,515,0.75,24,4000000,484,0.9,24,4000000,468,0.95,24,4000000,453,0.997,
25,4000000,764,0,25,4000000,686,0.25,25,4000000,608,0.5,25,4000000,530,0.75,25,4000000,483,0.9,25,4000000,468,0.95,25,4000000,436,0.997,
26,4000000,749,0,26,4000000,671,0.25,26,4000000,609,0.5,26,4000000,515,0.75,26,4000000,484,0.9,26,4000000,453,0.95,26,4000000,437,0.997,
27,4000000,749,0,27,4000000,671,0.25,27,4000000,592,0.5,27,4000000,530,0.75,27,4000000,483,0.9,27,4000000,452,0.95,27,4000000,452,0.997,
28,4000000,749,0,28,4000000,671,0.25,28,4000000,593,0.5,28,4000000,530,0.75,28,4000000,468,0.9,28,4000000,468,0.95,28,4000000,436,0.997,
29,4000000,749,0,29,4000000,671,0.25,29,4000000,609,0.5,29,4000000,515,0.75,29,4000000,484,0.9,29,4000000,468,0.95,29,4000000,452,0.997,
30,4000000,749,0,30,4000000,671,0.25,30,4000000,593,0.5,30,4000000,530,0.75,30,4000000,484,0.9,30,4000000,468,0.95,30,4000000,453,0.997,
31,4000000,764,0,31,4000000,686,0.25,31,4000000,608,0.5,31,4000000,515,0.75,31,4000000,484,0.9,31,4000000,468,0.95,31,4000000,453,0.997,
32,4000000,764,0,32,4000000,686,0.25,32,4000000,608,0.5,32,4000000,515,0.75,32,4000000,484,0.9,32,4000000,468,0.95,32,4000000,452,0.997,
33,4000000,749,0,33,4000000,671,0.25,33,4000000,608,0.5,33,4000000,514,0.75,33,4000000,483,0.9,33,4000000,468,0.95,33,4000000,452,0.997,
34,4000000,765,0,34,4000000,687,0.25,34,4000000,609,0.5,34,4000000,531,0.75,34,4000000,468,0.9,34,4000000,468,0.95,34,4000000,452,0.997,
35,4000000,765,0,35,4000000,687,0.25,35,4000000,608,0.5,35,4000000,514,0.75,35,4000000,483,0.9,35,4000000,452,0.95,35,4000000,452,0.997,
36,4000000,749,0,36,4000000,671,0.25,36,4000000,609,0.5,36,4000000,515,0.75,36,4000000,483,0.9,36,4000000,468,0.95,36,4000000,437,0.997,
37,4000000,748,0,37,4000000,686,0.25,37,4000000,609,0.5,37,4000000,531,0.75,37,4000000,484,0.9,37,4000000,468,0.95,37,4000000,452,0.997,
38,4000000,749,0,38,4000000,686,0.25,38,4000000,609,0.5,38,4000000,515,0.75,38,4000000,484,0.9,38,4000000,468,0.95,38,4000000,453,0.997,
39,4000000,749,0,39,4000000,686,0.25,39,4000000,592,0.5,39,4000000,530,0.75,39,4000000,483,0.9,39,4000000,452,0.95,39,4000000,452,0.997,
40,4000000,749,0,40,4000000,686,0.25,40,4000000,609,0.5,40,4000000,515,0.75,40,4000000,483,0.9,40,4000000,468,0.95,40,4000000,452,0.997,
41,4000000,749,0,41,4000000,671,0.25,41,4000000,609,0.5,41,4000000,531,0.75,41,4000000,484,0.9,41,4000000,468,0.95,41,4000000,437,0.997,
42,4000000,748,0,42,4000000,670,0.25,42,4000000,608,0.5,42,4000000,530,0.75,42,4000000,483,0.9,42,4000000,468,0.95,42,4000000,452,0.997,
43,4000000,764,0,43,4000000,686,0.25,43,4000000,609,0.5,43,4000000,531,0.75,43,4000000,484,0.9,43,4000000,468,0.95,43,4000000,452,0.997,
44,4000000,749,0,44,4000000,671,0.25,44,4000000,608,0.5,44,4000000,514,0.75,44,4000000,483,0.9,44,4000000,468,0.95,44,4000000,453,0.997,
45,4000000,749,0,45,4000000,671,0.25,45,4000000,593,0.5,45,4000000,531,0.75,45,4000000,468,0.9,45,4000000,468,0.95,45,4000000,452,0.997,
46,4000000,749,0,46,4000000,687,0.25,46,4000000,609,0.5,46,4000000,531,0.75,46,4000000,468,0.9,46,4000000,468,0.95,46,4000000,453,0.997,
47,4000000,748,0,47,4000000,670,0.25,47,4000000,608,0.5,47,4000000,531,0.75,47,4000000,484,0.9,47,4000000,453,0.95,47,4000000,453,0.997,
48,4000000,749,0,48,4000000,686,0.25,48,4000000,592,0.5,48,4000000,530,0.75,48,4000000,483,0.9,48,4000000,468,0.95,48,4000000,452,0.997,
49,4000000,749,0,49,4000000,671,0.25,49,4000000,609,0.5,49,4000000,515,0.75,49,4000000,483,0.9,49,4000000,468,0.95,49,4000000,452,0.997,
50,4000000,749,0,50,4000000,671,0.25,50,4000000,609,0.5,50,4000000,515,0.75,50,4000000,484,0.9,50,4000000,468,0.95,50,4000000,453,0.997,
51,4000000,748,0,51,4000000,670,0.25,51,4000000,608,0.5,51,4000000,515,0.75,51,4000000,484,0.9,51,4000000,468,0.95,51,4000000,436,0.997,
52,4000000,749,0,52,4000000,687,0.25,52,4000000,608,0.5,52,4000000,514,0.75,52,4000000,483,0.9,52,4000000,468,0.95,52,4000000,452,0.997,
53,4000000,765,0,53,4000000,687,0.25,53,4000000,593,0.5,53,4000000,531,0.75,53,4000000,483,0.9,53,4000000,468,0.95,53,4000000,437,0.997,
54,4000000,749,0,54,4000000,687,0.25,54,4000000,609,0.5,54,4000000,531,0.75,54,4000000,499,0.9,54,4000000,453,0.95,54,4000000,437,0.997,
55,4000000,748,0,55,4000000,686,0.25,55,4000000,593,0.5,55,4000000,531,0.75,55,4000000,468,0.9,55,4000000,468,0.95,55,4000000,453,0.997,
56,4000000,764,0,56,4000000,671,0.25,56,4000000,608,0.5,56,4000000,515,0.75,56,4000000,484,0.9,56,4000000,468,0.95,56,4000000,453,0.997,
57,4000000,748,0,57,4000000,670,0.25,57,4000000,593,0.5,57,4000000,531,0.75,57,4000000,468,0.9,57,4000000,468,0.95,57,4000000,453,0.997,
58,4000000,748,0,58,4000000,670,0.25,58,4000000,608,0.5,58,4000000,531,0.75,58,4000000,468,0.9,58,4000000,468,0.95,58,4000000,453,0.997,
59,4000000,749,0,59,4000000,687,0.25,59,4000000,593,0.5,59,4000000,530,0.75,59,4000000,468,0.9,59,4000000,468,0.95,59,4000000,452,0.997,
60,4000000,749,0,60,4000000,671,0.25,60,4000000,593,0.5,60,4000000,531,0.75,60,4000000,468,0.9,60,4000000,453,0.95,60,4000000,453,0.997,
61,4000000,748,0,61,4000000,686,0.25,61,4000000,608,0.5,61,4000000,515,0.75,61,4000000,484,0.9,61,4000000,468,0.95,61,4000000,437,0.997,
62,4000000,748,0,62,4000000,670,0.25,62,4000000,593,0.5,62,4000000,531,0.75,62,4000000,468,0.9,62,4000000,468,0.95,62,4000000,453,0.997,
63,4000000,749,0,63,4000000,671,0.25,63,4000000,608,0.5,63,4000000,531,0.75,63,4000000,484,0.9,63,4000000,468,0.95,63,4000000,453,0.997,
64,4000000,748,0,64,4000000,670,0.25,64,4000000,608,0.5,64,4000000,515,0.75,64,4000000,484,0.9,64,4000000,468,0.95,64,4000000,452,0.997,
65,4000000,749,0,65,4000000,671,0.25,65,4000000,608,0.5,65,4000000,514,0.75,65,4000000,483,0.9,65,4000000,468,0.95,65,4000000,452,0.997,
66,4000000,765,0,66,4000000,687,0.25,66,4000000,608,0.5,66,4000000,514,0.75,66,4000000,468,0.9,66,4000000,468,0.95,66,4000000,452,0.997,
67,4000000,765,0,67,4000000,671,0.25,67,4000000,608,0.5,67,4000000,531,0.75,67,4000000,484,0.9,67,4000000,468,0.95,67,4000000,453,0.997,
68,4000000,748,0,68,4000000,670,0.25,68,4000000,608,0.5,68,4000000,515,0.75,68,4000000,484,0.9,68,4000000,468,0.95,68,4000000,452,0.997,
69,4000000,749,0,69,4000000,671,0.25,69,4000000,593,0.5,69,4000000,530,0.75,69,4000000,468,0.9,69,4000000,452,0.95,69,4000000,437,0.997,
70,4000000,749,0,70,4000000,671,0.25,70,4000000,593,0.5,70,4000000,530,0.75,70,4000000,484,0.9,70,4000000,468,0.95,70,4000000,437,0.997,
71,4000000,764,0,71,4000000,686,0.25,71,4000000,639,0.5,71,4000000,530,0.75,71,4000000,468,0.9,71,4000000,468,0.95,71,4000000,452,0.997,
72,4000000,765,0,72,4000000,687,0.25,72,4000000,609,0.5,72,4000000,515,0.75,72,4000000,483,0.9,72,4000000,468,0.95,72,4000000,452,0.997,
73,4000000,749,0,73,4000000,671,0.25,73,4000000,593,0.5,73,4000000,515,0.75,73,4000000,468,0.9,73,4000000,468,0.95,73,4000000,453,0.997,
74,4000000,749,0,74,4000000,671,0.25,74,4000000,609,0.5,74,4000000,515,0.75,74,4000000,484,0.9,74,4000000,468,0.95,74,4000000,453,0.997,
75,4000000,749,0,75,4000000,686,0.25,75,4000000,608,0.5,75,4000000,530,0.75,75,4000000,484,0.9,75,4000000,468,0.95,75,4000000,453,0.997,
76,4000000,748,0,76,4000000,686,0.25,76,4000000,608,0.5,76,4000000,530,0.75,76,4000000,468,0.9,76,4000000,468,0.95,76,4000000,452,0.997,
77,4000000,765,0,77,4000000,687,0.25,77,4000000,593,0.5,77,4000000,530,0.75,77,4000000,468,0.9,77,4000000,468,0.95,77,4000000,452,0.997,
78,4000000,749,0,78,4000000,671,0.25,78,4000000,608,0.5,78,4000000,514,0.75,78,4000000,483,0.9,78,4000000,468,0.95,78,4000000,452,0.997,
79,4000000,749,0,79,4000000,687,0.25,79,4000000,609,0.5,79,4000000,515,0.75,79,4000000,483,0.9,79,4000000,468,0.95,79,4000000,452,0.997,
80,4000000,749,0,80,4000000,686,0.25,80,4000000,609,0.5,80,4000000,531,0.75,80,4000000,484,0.9,80,4000000,453,0.95,80,4000000,437,0.997,
81,4000000,749,0,81,4000000,686,0.25,81,4000000,592,0.5,81,4000000,530,0.75,81,4000000,499,0.9,81,4000000,452,0.95,81,4000000,453,0.997,
82,4000000,749,0,82,4000000,671,0.25,82,4000000,609,0.5,82,4000000,531,0.75,82,4000000,468,0.9,82,4000000,453,0.95,82,4000000,452,0.997,
83,4000000,749,0,83,4000000,686,0.25,83,4000000,608,0.5,83,4000000,530,0.75,83,4000000,483,0.9,83,4000000,468,0.95,83,4000000,453,0.997,
84,4000000,749,0,84,4000000,686,0.25,84,4000000,608,0.5,84,4000000,515,0.75,84,4000000,484,0.9,84,4000000,468,0.95,84,4000000,453,0.997,
85,4000000,764,0,85,4000000,686,0.25,85,4000000,608,0.5,85,4000000,515,0.75,85,4000000,484,0.9,85,4000000,468,0.95,85,4000000,452,0.997,
86,4000000,749,0,86,4000000,670,0.25,86,4000000,608,0.5,86,4000000,531,0.75,86,4000000,484,0.9,86,4000000,453,0.95,86,4000000,437,0.997,
87,4000000,749,0,87,4000000,686,0.25,87,4000000,608,0.5,87,4000000,515,0.75,87,4000000,484,0.9,87,4000000,468,0.95,87,4000000,453,0.997,
88,4000000,748,0,88,4000000,686,0.25,88,4000000,608,0.5,88,4000000,530,0.75,88,4000000,468,0.9,88,4000000,468,0.95,88,4000000,452,0.997,
89,4000000,765,0,89,4000000,687,0.25,89,4000000,593,0.5,89,4000000,514,0.75,89,4000000,483,0.9,89,4000000,468,0.95,89,4000000,452,0.997,
90,4000000,765,0,90,4000000,687,0.25,90,4000000,608,0.5,90,4000000,530,0.75,90,4000000,468,0.9,90,4000000,468,0.95,90,4000000,437,0.997,
91,4000000,765,0,91,4000000,687,0.25,91,4000000,593,0.5,91,4000000,531,0.75,91,4000000,468,0.9,91,4000000,468,0.95,91,4000000,453,0.997,
92,4000000,764,0,92,4000000,686,0.25,92,4000000,608,0.5,92,4000000,530,0.75,92,4000000,468,0.9,92,4000000,468,0.95,92,4000000,452,0.997,
93,4000000,749,0,93,4000000,687,0.25,93,4000000,608,0.5,93,4000000,514,0.75,93,4000000,483,0.9,93,4000000,468,0.95,93,4000000,437,0.997,
94,4000000,749,0,94,4000000,687,0.25,94,4000000,608,0.5,94,4000000,530,0.75,94,4000000,468,0.9,94,4000000,452,0.95,94,4000000,452,0.997,
95,4000000,749,0,95,4000000,687,0.25,95,4000000,609,0.5,95,4000000,531,0.75,95,4000000,468,0.9,95,4000000,453,0.95,95,4000000,437,0.997,
96,4000000,748,0,96,4000000,670,0.25,96,4000000,593,0.5,96,4000000,531,0.75,96,4000000,484,0.9,96,4000000,468,0.95,96,4000000,452,0.997,
97,4000000,748,0,97,4000000,686,0.25,97,4000000,593,0.5,97,4000000,530,0.75,97,4000000,468,0.9,97,4000000,468,0.95,97,4000000,452,0.997,
98,4000000,749,0,98,4000000,671,0.25,98,4000000,593,0.5,98,4000000,530,0.75,98,4000000,483,0.9,98,4000000,468,0.95,98,4000000,453,0.997,
99,4000000,748,0,99,4000000,686,0.25,99,4000000,593,0.5,99,4000000,530,0.75,99,4000000,468,0.9,99,4000000,452,0.95,99,4000000,436,0.997,
